# log_sigma_dmeff logA n_s theta_s_1e2 omega_b omega_dmeff tau_reio A_planck
9.704958361461736294e-01 1.714820279941524318e-03 1.170249396432554261e-03 8.050800339536304717e-05 -1.404548387551342530e-05 1.161590250761948204e-04 2.326107265598956187e-04 -4.152158469144851444e-05
1.714820279941524318e-03 1.507196913103693873e-04 1.641114139904513100e-05 6.435008928082554793e-07 2.930691216198906375e-07 -3.063655356773182938e-06 6.960774873059122532e-05 6.843116477105356625e-06
1.170249396432554261e-03 1.641114139904513100e-05 1.576545881704851474e-05 4.242304028432578903e-07 1.562866857979681641e-07 -2.266598117277063080e-06 9.385784881762526685e-06 6.570022490991969011e-07
8.050800339536304717e-05 6.435008928082554793e-07 4.242304028432578903e-07 8.261528089012104893e-08 6.364359581189174621e-09 -5.257950281357790372e-08 2.909148798198444792e-07 -1.889961965568047014e-08
-1.404548387551342530e-05 2.930691216198906375e-07 1.562866857979681641e-07 6.364359581189174621e-09 1.612784335617963417e-08 -7.779196399358759114e-08 2.110527415052400561e-07 6.647758814313695691e-09
1.161590250761948204e-04 -3.063655356773182938e-06 -2.266598117277063080e-06 -5.257950281357790372e-08 -7.779196399358759114e-08 1.119639796553308590e-06 -2.691470555509227315e-06 -2.126089044768391736e-07
2.326107265598956187e-04 6.960774873059122532e-05 9.385784881762523297e-06 2.909148798198444792e-07 2.110527415052400561e-07 -2.691470555509227315e-06 3.909996475703828841e-05 -1.235771397580930975e-06
-4.152158469144851444e-05 6.843116477105356625e-06 6.570022490991969011e-07 -1.889961965568047014e-08 6.647758814313695691e-09 -2.126089044768391736e-07 -1.235771397580930975e-06 5.105359922882243636e-06
