# log_sigma_dmeff logA n_s theta_s_1e2 omega_b omega_dmeff tau_reio A_planck
1.242745154044404332e+00 1.500259001593045888e-03 1.397999467907605053e-03 8.537196450361439265e-05 -1.492391331238848527e-05 8.575045820246896553e-05 6.098251652611902271e-05 1.840335367127075750e-06
1.500259001593045888e-03 1.552093237073681319e-04 1.580895332535250266e-05 7.074654733167542284e-07 3.751982290555552029e-07 -3.442084451253694489e-06 7.214999530963180801e-05 7.366486330070929557e-06
1.397999467907605053e-03 1.580895332535250266e-05 1.696581851039135957e-05 4.665414550301303694e-07 1.722364699247694110e-07 -2.436443170322043815e-06 9.203790752771113588e-06 5.847525521173634405e-07
8.537196450361439265e-05 7.074654733167542284e-07 4.665414550301303694e-07 7.806176637941351880e-08 5.714947256706558671e-09 -4.915865319692687079e-08 2.888483106650098613e-07 1.006043207961346960e-08
-1.492391331238848527e-05 3.751982290555552029e-07 1.722364699247694110e-07 5.714947256706558671e-09 1.628625165201561684e-08 -7.627381997674870155e-08 2.385451131079547553e-07 2.121018336845375498e-08
8.575045820246896553e-05 -3.442084451253694489e-06 -2.436443170322043815e-06 -4.915865319692687079e-08 -7.627381997674870155e-08 1.080498267905025939e-06 -2.832180852201674905e-06 -2.038749004801317310e-07
6.098251652611904981e-05 7.214999530963180801e-05 9.203790752771113588e-06 2.888483106650098613e-07 2.385451131079547553e-07 -2.832180852201674905e-06 4.051768818076132415e-05 -9.626323683337165801e-07
1.840335367127075750e-06 7.366486330070929557e-06 5.847525521173634405e-07 1.006043207961346960e-08 2.121018336845375498e-08 -2.038749004801317310e-07 -9.626323683337165801e-07 5.058280339996437979e-06
