# log_sigma_dmeff logA n_s theta_s_1e2 omega_b omega_dmeff tau_reio A_planck
7.675260444071323462e-01 1.558324393773731541e-03 -5.044060380720496447e-05 1.834185004843940994e-05 2.986256127145480754e-06 -1.069955981426380008e-04 8.212193560157203618e-04 1.787424171459006303e-04
1.558324393773731541e-03 1.856264070087313117e-04 9.699792990787583998e-06 9.386614394703960360e-07 3.926134356341806478e-07 -3.132266161366351940e-06 8.668463547317794334e-05 8.417879567390659649e-06
-5.044060380720496447e-05 9.699792990787583998e-06 1.178285138776278221e-05 2.390751719755601384e-07 1.849291920005356254e-07 -2.237086536385128527e-06 8.286249397029757860e-06 -4.831578547943906875e-07
1.834185004843940994e-05 9.386614394703960360e-07 2.390751719755601384e-07 6.719489067917344877e-08 3.402704338453459848e-09 -5.944765182790923487e-08 4.635784362694131395e-07 6.397809860186919050e-08
2.986256127145480754e-06 3.926134356341806478e-07 1.849291920005356254e-07 3.402704338453459848e-09 1.519794659867196585e-08 -5.987304857809414819e-08 2.723543389653506783e-07 -2.789924340343627904e-08
-1.069955981426380008e-04 -3.132266161366351940e-06 -2.237086536385128527e-06 -5.944765182790923487e-08 -5.987304857809414819e-08 9.160452981615024920e-07 -2.651523728935749523e-06 -4.275345410245096915e-08
8.212193560157203618e-04 8.668463547317794334e-05 8.286249397029757860e-06 4.635784362694131395e-07 2.723543389653506783e-07 -2.651523728935749523e-06 4.664929124811399827e-05 -4.475088388860707190e-07
1.787424171459006303e-04 8.417879567390659649e-06 -4.831578547943906875e-07 6.397809860186919050e-08 -2.789924340343627904e-08 -4.275345410245096915e-08 -4.475088388860707190e-07 5.002307541878311847e-06
