# log_sigmaH_dmeff logA n_s theta_s_1e2 omega_b omega_dmeff tau_reio A_planck
2.776795902718310338e-01 -5.069524695214565118e-04 -6.920196240849811652e-04 1.682580914201918046e-05 -3.818203083189197929e-06 1.298668246749705305e-04 -2.657172710908925766e-04 -8.817332053819387875e-06
-5.069524695214565118e-04 1.668036088695811186e-04 1.216256424219374260e-05 -2.707845762801008549e-08 4.620042397813369717e-07 -4.080867596486749125e-06 8.375444869881864467e-05 4.273406236663937240e-06
-6.920196240849811652e-04 1.216256424219374260e-05 1.168419731076536252e-05 1.092646587651106300e-07 1.504894229666532833e-07 -2.251420813290623103e-06 8.339744557275770759e-06 6.689583364596268927e-07
1.682580914201918046e-05 -2.707845762801008549e-08 1.092646587651106300e-07 7.702806836296337378e-08 7.191294633143398449e-09 -4.621913967168669787e-08 1.392817959595677265e-08 2.715543596996203189e-08
-3.818203083189197929e-06 4.620042397813369717e-07 1.504894229666532833e-07 7.191294633143398449e-09 1.595279618378388033e-08 -6.711692282159887688e-08 2.336755470806029723e-07 4.387062191042195937e-08
1.298668246749705305e-04 -4.080867596486749125e-06 -2.251420813290623103e-06 -4.621913967168669787e-08 -6.711692282159887688e-08 1.038452816886435685e-06 -2.772865465764820499e-06 -4.286943779369168592e-07
-2.657172710908925766e-04 8.375444869881864467e-05 8.339744557275770759e-06 1.392817959595676273e-08 2.336755470806029723e-07 -2.772865465764820499e-06 4.725115370033173727e-05 -1.713706629527392582e-06
-8.817332053819387875e-06 4.273406236663937240e-06 6.689583364596268927e-07 2.715543596996203189e-08 4.387062191042195937e-08 -4.286943779369168592e-07 -1.713706629527392582e-06 4.655551793635465174e-06
