# log_sigma_dmeff logA n_s theta_s_1e2 omega_b omega_dmeff tau_reio A_planck
2.383208970166208029e+00 -1.038670221256406210e-03 -7.721376297750528507e-04 -1.572314970168195729e-05 -6.525554204192553605e-06 1.769062281741700252e-05 -4.484814378215473858e-04 9.095506961537585448e-05
-1.038670221256406210e-03 1.507381442072244554e-04 1.177492404371843195e-05 4.090107438601934864e-07 3.775808040105725346e-07 -3.797659673895567735e-06 7.239468575204135883e-05 6.952242959703844346e-06
-7.721376297750528507e-04 1.177492404371843195e-05 1.333514855463355711e-05 2.137316638429823491e-07 1.757024581743577231e-07 -2.610493217518213164e-06 8.748990842652011265e-06 6.122685894277778231e-07
-1.572314970168195729e-05 4.090107438601934864e-07 2.137316638429823491e-07 6.356354129494791200e-08 6.804480659398667924e-09 -5.972326895990186515e-08 2.300571731067731341e-07 1.774436360826276673e-08
-6.525554204192553605e-06 3.775808040105725346e-07 1.757024581743577231e-07 6.804480659398667924e-09 1.566349863301157667e-08 -7.412232259267108103e-08 2.308366500335720899e-07 1.479603590684032422e-08
1.769062281741699575e-05 -3.797659673895567735e-06 -2.610493217518213164e-06 -5.972326895990186515e-08 -7.412232259267108103e-08 1.144418550968647775e-06 -3.033527264663525014e-06 -1.985149934805993232e-07
-4.484814378215473858e-04 7.239468575204135883e-05 8.748990842652011265e-06 2.300571731067731341e-07 2.308366500335720899e-07 -3.033527264663525014e-06 4.083785357956710402e-05 -7.807777000223040737e-07
9.095506961537585448e-05 6.952242959703844346e-06 6.122685894277778231e-07 1.774436360826276673e-08 1.479603590684032422e-08 -1.985149934805993232e-07 -7.807777000223040737e-07 4.697940877577743701e-06
