# log_sigmaH_dmeff logA n_s theta_s_1e2 omega_b omega_dmeff tau_reio A_planck
1.763367317578450055e-01 -5.343520093194625018e-04 -4.903254061223166630e-04 2.046502918410846313e-05 -6.256995719437625303e-06 8.953008594720153642e-05 -1.770386897411423425e-04 -4.580073112988134354e-05
-5.343520093194625018e-04 1.652902300182666794e-04 8.902126288896814273e-06 2.494784999954832956e-07 3.242751328455592284e-07 -3.876436836307744923e-06 7.817544460161632216e-05 8.216488975118601922e-06
-4.903254061223166630e-04 8.902126288896814273e-06 1.513212212431989526e-05 1.095069851911830928e-07 2.156229315316981575e-07 -2.928192241604887291e-06 8.100318981791179918e-06 -2.049324088329992220e-07
2.046502918410846313e-05 2.494784999954832956e-07 1.095069851911830928e-07 7.141155432908001719e-08 7.774203915735170069e-09 -4.530540492748607296e-08 1.868060596325206234e-07 -1.459210643391528696e-08
-6.256995719437625303e-06 3.242751328455592284e-07 2.156229315316981575e-07 7.774203915735170069e-09 1.617356824894252101e-08 -8.290200993913924676e-08 1.946100833374371245e-07 3.618930976123978241e-08
8.953008594720153642e-05 -3.876436836307744923e-06 -2.928192241604887291e-06 -4.530540492748607296e-08 -8.290200993913924676e-08 1.189699891149649275e-06 -3.118345946582100396e-06 -5.900382064716885198e-08
-1.770386897411423425e-04 7.817544460161632216e-05 8.100318981791178224e-06 1.868060596325206234e-07 1.946100833374371245e-07 -3.118345946582100396e-06 4.342952409117318359e-05 -5.034687111566856672e-07
-4.580073112988134354e-05 8.216488975118601922e-06 -2.049324088329992220e-07 -1.459210643391528696e-08 3.618930976123978241e-08 -5.900382064716885198e-08 -5.034687111566856672e-07 4.739190571272740455e-06
