# log_sigma_dmeff logA n_s theta_s_1e2 omega_b omega_dmeff tau_reio A_planck
7.562750070358037480e-01 9.183672289679463939e-04 9.855693231222678163e-04 8.395097946679738960e-05 -5.406233563746196955e-06 5.941727903837156865e-05 -1.174266017430477006e-05 -2.605917479621016575e-05
9.183672289679463939e-04 1.761071032434985482e-04 1.572930633464629356e-05 7.490874378271662261e-07 3.920949680680485437e-07 -4.080728265433017741e-06 8.206774799544277804e-05 8.489596090784945435e-06
9.855693231222678163e-04 1.572930633464629356e-05 1.680144731550067396e-05 4.908641294622312117e-07 1.838103313030935207e-07 -2.646736449915007743e-06 9.457376473846259570e-06 8.665339097444914130e-07
8.395097946679738960e-05 7.490874378271662261e-07 4.908641294622312117e-07 8.868129169493025682e-08 6.055206433405830393e-09 -6.250971197448445207e-08 3.119169933540988422e-07 1.561274894706383386e-08
-5.406233563746196955e-06 3.920949680680485437e-07 1.838103313030935207e-07 6.055206433405830393e-09 1.571549256423493407e-08 -7.514713107860014763e-08 2.323593316605453355e-07 2.695062552736497662e-08
5.941727903837156865e-05 -4.080728265433017741e-06 -2.646736449915007743e-06 -6.250971197448445207e-08 -7.514713107860014763e-08 1.160414868894799758e-06 -3.061568842657557070e-06 -3.568811358417805932e-07
-1.174266017430476159e-05 8.206774799544277804e-05 9.457376473846259570e-06 3.119169933540988422e-07 2.323593316605453355e-07 -3.061568842657557070e-06 4.469888105501069835e-05 -1.495092248365696924e-07
-2.605917479621016575e-05 8.489596090784945435e-06 8.665339097444914130e-07 1.561274894706383386e-08 2.695062552736497662e-08 -3.568811358417805932e-07 -1.495092248365696130e-07 4.934958205280645819e-06
