# log_sigmaH_dmeff logA n_s theta_s_1e2 omega_b omega_dmeff tau_reio A_planck
6.030338569867769172e-01 1.042781165352753628e-03 1.017282791430651478e-03 6.367070407330049421e-05 -1.371357623440794489e-05 6.054215823303007635e-05 3.728720693539530856e-04 -3.453698769128344943e-04
1.042781165352753628e-03 1.698714242591178143e-04 1.567326998195047577e-05 7.632905553337334190e-07 4.676236513639820320e-07 -4.844330500950495093e-06 8.397926579119285081e-05 5.009186487202276595e-06
1.017282791430651478e-03 1.567326998195047577e-05 1.523224630556905048e-05 4.176238560446555390e-07 7.454543488689375810e-08 -2.388250161729890424e-06 1.071461821896024789e-05 -6.323324892848215793e-07
6.367070407330049421e-05 7.632905553337334190e-07 4.176238560446555390e-07 9.548336313840375620e-08 4.573085208679532232e-09 -6.076371961168651090e-08 3.740372929826588602e-07 -3.722347085353461280e-08
-1.371357623440794489e-05 4.676236513639820320e-07 7.454543488689375810e-08 4.573085208679532232e-09 1.359805352018917514e-08 -5.514617384258952011e-08 2.622040220048741290e-07 1.951754699344215941e-08
6.054215823303007635e-05 -4.844330500950495093e-06 -2.388250161729890424e-06 -6.076371961168651090e-08 -5.514617384258952011e-08 1.125969431264324960e-06 -3.556544856070151946e-06 -1.982308316865065114e-07
3.728720693539530856e-04 8.397926579119285081e-05 1.071461821896024620e-05 3.740372929826588602e-07 2.622040220048741290e-07 -3.556544856070151946e-06 4.850333757406364562e-05 -2.167314530847826582e-06
-3.453698769128344943e-04 5.009186487202276595e-06 -6.323324892848215793e-07 -3.722347085353461280e-08 1.951754699344215941e-08 -1.982308316865065114e-07 -2.167314530847826582e-06 5.218127089407509638e-06
