# log_sigma_dmeff logA n_s theta_s_1e2 omega_b omega_dmeff tau_reio A_planck
9.002942291547443299e-01 1.554116243851400144e-03 1.399819415267143218e-03 8.702177665215372762e-05 -5.792241258530651479e-06 5.193155856685677718e-05 9.263950671895435844e-05 7.634505380687134086e-05
1.554116243851400144e-03 1.621078210823464669e-04 1.579947002181417620e-05 6.023078830150292712e-07 3.914481648891287758e-07 -4.292371025871026856e-06 7.575831388688175280e-05 7.885173854542830947e-06
1.399819415267143218e-03 1.579947002181417620e-05 1.739051607675194170e-05 4.942476876022408978e-07 2.029272503218179474e-07 -2.564754298336229319e-06 8.997885667054002226e-06 7.724636625377082865e-07
8.702177665215372762e-05 6.023078830150292712e-07 4.942476876022408978e-07 8.523618627477736512e-08 6.430524749466712217e-09 -5.130669513473121407e-08 2.239818353805211711e-07 9.374517354284187172e-09
-5.792241258530651479e-06 3.914481648891287758e-07 2.029272503218179474e-07 6.430524749466712217e-09 1.705000075773416508e-08 -8.313851104637235444e-08 2.364906456825088733e-07 2.937042550354621851e-08
5.193155856685677718e-05 -4.292371025871026856e-06 -2.564754298336229319e-06 -5.130669513473121407e-08 -8.313851104637235444e-08 1.168135828893631866e-06 -3.212246447196463744e-06 -3.210712192087798346e-07
9.263950671895435844e-05 7.575831388688175280e-05 8.997885667054002226e-06 2.239818353805211711e-07 2.364906456825088733e-07 -3.212246447196463744e-06 4.237394510221003670e-05 -6.695785691575289523e-07
7.634505380687134086e-05 7.885173854542830947e-06 7.724636625377082865e-07 9.374517354284187172e-09 2.937042550354621851e-08 -3.210712192087798346e-07 -6.695785691575289523e-07 5.129842900055075538e-06
