# log_sigma_dmeff logA n_s theta_s_1e2 omega_b omega_dmeff tau_reio A_planck
6.912705262237369697e-01 3.170108251388103083e-03 8.308516582305399160e-04 7.611454448781579309e-05 -1.439857613202282321e-05 2.923139488919429302e-05 8.770112120827229345e-04 2.106403468326440418e-04
3.170108251388103083e-03 1.405204570799506740e-04 7.567624344814841863e-06 8.397158983182870829e-07 1.761703218086859873e-07 -2.075344153875697208e-06 6.089969472661207491e-05 9.184053159943412483e-06
8.308516582305399160e-04 7.567624344814841863e-06 1.168880116994819590e-05 2.960326688700778299e-07 6.115786052331077781e-08 -1.884244553670645366e-06 5.395977162804578429e-06 2.046680907531279620e-07
7.611454448781579309e-05 8.397158983182870829e-07 2.960326688700778299e-07 6.852801070646331637e-08 1.608664611781920093e-09 -5.027199316259673856e-08 3.285084411438486185e-07 7.009931871288019997e-08
-1.439857613202282321e-05 1.761703218086859873e-07 6.115786052331077781e-08 1.608664611781920093e-09 1.485500101761337846e-08 -4.664849819624508826e-08 1.297123588804693003e-07 -3.927409817671279585e-09
2.923139488919429302e-05 -2.075344153875697208e-06 -1.884244553670645366e-06 -5.027199316259673856e-08 -4.664849819624508826e-08 8.706959744620546613e-07 -1.911342894157616080e-06 -1.765338369029858775e-07
8.770112120827229345e-04 6.089969472661207491e-05 5.395977162804578429e-06 3.285084411438486185e-07 1.297123588804693003e-07 -1.911342894157616080e-06 3.246271810420929050e-05 3.758938477779713914e-08
2.106403468326440418e-04 9.184053159943412483e-06 2.046680907531279620e-07 7.009931871288019997e-08 -3.927409817671279585e-09 -1.765338369029858775e-07 3.758938477779682812e-08 4.848930831726242654e-06
