# log_sigma_dmeff logA n_s theta_s_1e2 omega_b omega_dmeff tau_reio A_planck
1.202273077794916878e+00 -3.639658352968050880e-04 -6.010792969476303534e-04 6.556432617657354818e-06 -4.661328087305476166e-06 7.165418191395430704e-05 -4.777762390651802234e-05 -6.658024154633808271e-05
-3.639658352968050880e-04 1.488968182291256273e-04 1.138963981603246824e-05 2.957037749942394512e-07 3.521771620739956829e-07 -3.446220438693736453e-06 7.126636048340365777e-05 6.758352274517631834e-06
-6.010792969476303534e-04 1.138963981603246824e-05 1.404524061737468001e-05 2.541977079657489891e-07 2.120126706628971179e-07 -2.801421272981914536e-06 8.618376516389209395e-06 6.099547072120371297e-07
6.556432617657354818e-06 2.957037749942394512e-07 2.541977079657489891e-07 6.657529806754806640e-08 7.909523864485120964e-09 -6.529359101116617151e-08 2.002986492867040657e-07 -1.124029810980543286e-09
-4.661328087305476166e-06 3.521771620739956829e-07 2.120126706628971179e-07 7.909523864485120964e-09 1.598771591087325712e-08 -7.889530256425835943e-08 2.237712564172557897e-07 1.294363868574894589e-08
7.165418191395430704e-05 -3.446220438693736453e-06 -2.801421272981914536e-06 -6.529359101116617151e-08 -7.889530256425835943e-08 1.161781053851199316e-06 -2.791586439979087632e-06 -2.204527737373307383e-07
-4.777762390651802912e-05 7.126636048340365777e-05 8.618376516389209395e-06 2.002986492867040657e-07 2.237712564172557897e-07 -2.791586439979087632e-06 4.044015678138939053e-05 -1.174564769598063222e-06
-6.658024154633808271e-05 6.758352274517631834e-06 6.099547072120371297e-07 -1.124029810980543286e-09 1.294363868574894589e-08 -2.204527737373307383e-07 -1.174564769598063433e-06 4.914613372403870540e-06
