# log_sigma_dmeff logA n_s theta_s_1e2 omega_b omega_dmeff tau_reio A_planck
1.017276347388328173e+00 2.143711311153604152e-04 -1.433311001685637516e-04 3.976762882387204271e-05 -3.370071101183256238e-06 9.721200004073997098e-05 -4.672453601794000343e-05 1.008435388310832779e-04
2.143711311153604152e-04 1.494241520821405799e-04 9.910936839876916866e-06 4.201338787738177778e-07 4.043434304704225454e-07 -3.431260052349737374e-06 7.088372992400857032e-05 7.064436379655606474e-06
-1.433311001685637516e-04 9.910936839876916866e-06 1.275374007602451617e-05 2.395734731439402453e-07 1.859225121153946269e-07 -2.660242712634282300e-06 8.404277612253565076e-06 1.884016688772741760e-07
3.976762882387204271e-05 4.201338787738177778e-07 2.395734731439402453e-07 7.376278910833330279e-08 9.265467374846707145e-09 -6.469112743353494524e-08 2.623354922571524903e-07 -7.956454509509295567e-10
-3.370071101183256238e-06 4.043434304704225454e-07 1.859225121153946269e-07 9.265467374846707145e-09 1.671237246658021149e-08 -7.556196533363376170e-08 2.471682978976638905e-07 9.420436017177675304e-09
9.721200004073997098e-05 -3.431260052349737374e-06 -2.660242712634282300e-06 -6.469112743353494524e-08 -7.556196533363376170e-08 1.148878658049001283e-06 -2.897419282749924699e-06 -1.253498994209395331e-07
-4.672453601794000343e-05 7.088372992400857032e-05 8.404277612253565076e-06 2.623354922571524903e-07 2.471682978976638905e-07 -2.897419282749924699e-06 4.008724721697175161e-05 -1.041410141899068022e-06
1.008435388310832508e-04 7.064436379655606474e-06 1.884016688772741760e-07 -7.956454509509295567e-10 9.420436017177675304e-09 -1.253498994209395331e-07 -1.041410141899068022e-06 4.808960865847308926e-06
