# log_sigmaH_dmeff logA n_s theta_s_1e2 omega_b omega_dmeff tau_reio A_planck
2.277032416384129065e-01 1.038745451166611222e-03 7.288029027742791259e-04 6.583428583260909407e-05 -1.089728851356407734e-05 9.358659251628886260e-05 1.063600747820046089e-04 -4.754360305823913078e-05
1.038745451166611222e-03 1.450167841266562470e-04 7.687234802213870416e-06 5.793917101392926735e-07 6.071941539113576979e-09 -1.935961273139882189e-06 6.459475016720348742e-05 8.432098619409403515e-06
7.288029027742791259e-04 7.687234802213870416e-06 1.377673610035026659e-05 3.822018079479358114e-07 1.045347471427505401e-07 -1.862683045038912676e-06 5.183623993597883199e-06 7.235099767232611483e-08
6.583428583260909407e-05 5.793917101392926735e-07 3.822018079479358114e-07 9.009585366983005250e-08 3.382048295516628343e-09 -2.642230364912443095e-08 1.657552392046817904e-07 5.835695447951751722e-09
-1.089728851356407734e-05 6.071941539113576979e-09 1.045347471427505401e-07 3.382048295516628343e-09 1.313961123961015311e-08 -6.105343672208700224e-08 6.717395969651189705e-08 -3.144386470583979097e-09
9.358659251628886260e-05 -1.935961273139882189e-06 -1.862683045038912676e-06 -2.642230364912443095e-08 -6.105343672208700224e-08 9.374796080816436614e-07 -1.933318475727363686e-06 -2.453640773162225330e-07
1.063600747820046089e-04 6.459475016720348742e-05 5.183623993597883199e-06 1.657552392046817904e-07 6.717395969651189705e-08 -1.933318475727364110e-06 3.541365745763046653e-05 -4.899540392299808837e-07
-4.754360305823913078e-05 8.432098619409403515e-06 7.235099767232611483e-08 5.835695447951751722e-09 -3.144386470583979097e-09 -2.453640773162225330e-07 -4.899540392299808837e-07 5.328324212821513151e-06
