# log_sigma_dmeff logA n_s theta_s_1e2 omega_b omega_dmeff tau_reio A_planck
6.890561437713391690e-01 -7.413661555473485777e-04 -1.127166059595383508e-03 1.101667931131587037e-05 -9.929375674861327285e-06 3.003153336565597925e-04 -7.818243465224501395e-04 1.131081392164037200e-04
-7.413661555473485777e-04 2.140230611563362145e-04 2.001259487776719118e-05 7.739240708251128774e-07 4.037670354199911353e-07 -5.030261172286790225e-06 1.055882759890044292e-04 8.187157409058411521e-06
-1.127166059595383508e-03 2.001259487776719118e-05 1.741796450264058573e-05 2.879334498384562911e-07 2.475415760694390244e-07 -4.063321692785142832e-06 1.483491547516767225e-05 3.409797970752405915e-07
1.101667931131587037e-05 7.739240708251128774e-07 2.879334498384562911e-07 6.271693451666318188e-08 6.409034030417200233e-09 -8.780865562922902092e-08 4.807914277033925119e-07 -9.932770833876846218e-09
-9.929375674861327285e-06 4.037670354199911353e-07 2.475415760694390244e-07 6.409034030417200233e-09 1.457758790519927276e-08 -8.529064197987029269e-08 3.026141136227547946e-07 -2.747181634914204458e-08
3.003153336565597925e-04 -5.030261172286790225e-06 -4.063321692785142832e-06 -8.780865562922902092e-08 -8.529064197987029269e-08 1.457541351030586139e-06 -4.208339767217592551e-06 8.410883518616390477e-09
-7.818243465224501395e-04 1.055882759890044292e-04 1.483491547516767225e-05 4.807914277033925119e-07 3.026141136227547946e-07 -4.208339767217592551e-06 5.940812031133691341e-05 -9.367131545743055248e-07
1.131081392164037200e-04 8.187157409058411521e-06 3.409797970752405915e-07 -9.932770833876846218e-09 -2.747181634914204458e-08 8.410883518616390477e-09 -9.367131545743055248e-07 5.367474480600337597e-06
