# log_sigma_dmeff logA n_s theta_s_1e2 omega_b omega_dmeff tau_reio A_planck
9.431095093609556113e-01 -1.016821040206075666e-03 -5.875757192146775169e-04 4.471775892299039551e-05 -2.010330540619522733e-05 9.842412643329832476e-05 -3.585362981682472649e-04 6.763888800281734779e-05
-1.016821040206075666e-03 1.732062186592042089e-04 1.736312603443058246e-05 1.134890663836961900e-07 5.270204103521728161e-07 -5.603619872545220813e-06 8.672254942305163811e-05 5.343503296335923793e-06
-5.875757192146775169e-04 1.736312603443058246e-05 1.384328142535201921e-05 2.380452467032463557e-07 2.272764586959007464e-07 -2.851813211265971435e-06 1.159638391267750579e-05 5.632934366895731027e-07
4.471775892299039551e-05 1.134890663836961900e-07 2.380452467032463557e-07 6.657750077641577249e-08 6.686632990342071008e-09 -7.532108381092571935e-08 2.165075216574689374e-07 -5.923479693333143185e-08
-2.010330540619522733e-05 5.270204103521728161e-07 2.272764586959007464e-07 6.686632990342071008e-09 1.581949238082341465e-08 -7.732126860146953358e-08 3.081570322400009174e-07 1.078343113716572929e-08
9.842412643329832476e-05 -5.603619872545220813e-06 -2.851813211265971435e-06 -7.532108381092571935e-08 -7.732126860146953358e-08 1.112582049871983516e-06 -3.817495341263458817e-06 -2.582426933873788086e-07
-3.585362981682472107e-04 8.672254942305163811e-05 1.159638391267750579e-05 2.165075216574689374e-07 3.081570322400009174e-07 -3.817495341263458817e-06 4.943398017312507762e-05 -1.420905135334999748e-06
6.763888800281734779e-05 5.343503296335923793e-06 5.632934366895731027e-07 -5.923479693333143185e-08 1.078343113716572929e-08 -2.582426933873788086e-07 -1.420905135334999748e-06 4.594129292124420396e-06
