# log_sigma_dmeff logA n_s theta_s_1e2 omega_b omega_dmeff tau_reio A_planck
1.189849587211432524e+00 -1.895107195220722875e-04 -5.011410989134780806e-04 -7.037221693072400101e-06 -3.808267637697376888e-06 6.019635602485652385e-06 2.964099253769047836e-05 -7.001431255507600568e-06
-1.895107195220722875e-04 1.699385030508131483e-04 1.287152293354291296e-05 4.990731285359065748e-07 4.054701282848482647e-07 -4.874144264209262141e-06 8.256324591441504060e-05 7.407287924672702585e-06
-5.011410989134780806e-04 1.287152293354291296e-05 1.409908382308544075e-05 2.608689312097397765e-07 1.990471591182037290e-07 -2.924989927592431720e-06 9.612243805714732790e-06 6.230926665093705544e-07
-7.037221693072400101e-06 4.990731285359065748e-07 2.608689312097397765e-07 6.902726274528788972e-08 8.638162668348721245e-09 -7.636761488033076734e-08 2.860649586895953510e-07 1.750571389926934592e-08
-3.808267637697376888e-06 4.054701282848482647e-07 1.990471591182037290e-07 8.638162668348721245e-09 1.614240314092767348e-08 -8.197101412105860835e-08 2.478176268960039677e-07 1.826402944257621373e-08
6.019635602485652385e-06 -4.874144264209262141e-06 -2.924989927592431720e-06 -7.636761488033076734e-08 -8.197101412105860835e-08 1.247988915816974158e-06 -3.599754927098987985e-06 -2.508957043545232946e-07
2.964099253769047836e-05 8.256324591441504060e-05 9.612243805714732790e-06 2.860649586895953510e-07 2.478176268960039677e-07 -3.599754927098987985e-06 4.638503891149410054e-05 -6.505879247300894520e-07
-7.001431255507600568e-06 7.407287924672702585e-06 6.230926665093705544e-07 1.750571389926934592e-08 1.826402944257621373e-08 -2.508957043545232946e-07 -6.505879247300894520e-07 4.777896813487268205e-06
