# log_sigma_dmeff logA n_s theta_s_1e2 omega_b omega_dmeff tau_reio A_planck
1.495412686861782081e+00 -4.444623611001170567e-06 -4.977382047990359763e-04 -3.838656957572284063e-06 -1.102320985024922729e-05 3.472393345960334839e-05 1.385152113532903085e-04 -3.692427479203876095e-05
-4.444623611001170567e-06 1.462654082924786259e-04 1.253553923763091970e-05 3.463800831772082315e-07 3.810252459176523349e-07 -3.479087932019700845e-06 7.074147925196766615e-05 6.274988167285643244e-06
-4.977382047990359763e-04 1.253553923763091970e-05 1.390118237797805361e-05 2.511771538946982960e-07 1.988297890730412821e-07 -2.719214102802342072e-06 9.339602983392719025e-06 6.121533258780376652e-07
-3.838656957572284063e-06 3.463800831772082315e-07 2.511771538946982960e-07 6.623524053909027546e-08 8.083995033649543392e-09 -6.469863872725760444e-08 2.043623315727181742e-07 2.282503132828391171e-08
-1.102320985024922729e-05 3.810252459176523349e-07 1.988297890730412821e-07 8.083995033649543392e-09 1.726871033512130724e-08 -7.886782486254791610e-08 2.276849183279040668e-07 1.963735125281285684e-08
3.472393345960334839e-05 -3.479087932019700845e-06 -2.719214102802342072e-06 -6.469863872725760444e-08 -7.886782486254791610e-08 1.115053220898997416e-06 -2.829948373528556851e-06 -2.073119516596823136e-07
1.385152113532903085e-04 7.074147925196766615e-05 9.339602983392719025e-06 2.043623315727181742e-07 2.276849183279040668e-07 -2.829948373528556851e-06 4.035272696786848068e-05 -1.182113492654722484e-06
-3.692427479203876095e-05 6.274988167285643244e-06 6.121533258780376652e-07 2.282503132828391171e-08 1.963735125281285684e-08 -2.073119516596823136e-07 -1.182113492654722484e-06 4.757074648386089574e-06
