# log_sigmaH_dmeff logA n_s theta_s_1e2 omega_b omega_dmeff tau_reio A_planck
4.401038061854302130e-01 -1.072069649970730027e-04 -4.814228948302902824e-04 -1.983231358299758731e-05 -1.416210468256804332e-05 3.735588464901818133e-05 8.684076297976010285e-05 -2.472056743736510407e-07
-1.072069649970730027e-04 1.220913815915874100e-04 1.122436935528482453e-05 1.477420850017739428e-07 2.969844105446685615e-07 -3.626563145244732134e-06 5.834081692550379994e-05 7.345269438977538802e-06
-4.814228948302902824e-04 1.122436935528482453e-05 1.741159946142345626e-05 3.508687847190836450e-07 2.226638234367798525e-07 -3.259934412920674216e-06 8.339104974590935882e-06 1.547199185318311480e-06
-1.983231358299758731e-05 1.477420850017739428e-07 3.508687847190836450e-07 6.530578462222046355e-08 1.102690237912718124e-08 -8.103695572899546021e-08 1.583201599477087144e-07 -3.398672378581755893e-09
-1.416210468256804332e-05 2.969844105446685615e-07 2.226638234367798525e-07 1.102690237912718124e-08 1.635360946007109020e-08 -8.097880665880217328e-08 1.868206162947591136e-07 2.605751889701411420e-08
3.735588464901818133e-05 -3.626563145244732134e-06 -3.259934412920674216e-06 -8.103695572899546021e-08 -8.097880665880217328e-08 1.150453052632324271e-06 -2.636461958175592412e-06 -5.391303931701348066e-07
8.684076297976010285e-05 5.834081692550379994e-05 8.339104974590935882e-06 1.583201599477087144e-07 1.868206162947591136e-07 -2.636461958175592412e-06 3.284216552056013004e-05 1.327300844258910627e-07
-2.472056743736510407e-07 7.345269438977538802e-06 1.547199185318311480e-06 -3.398672378581755893e-09 2.605751889701411420e-08 -5.391303931701348066e-07 1.327300844258910627e-07 4.419985272218330336e-06
