# log_sigma_dmeff logA n_s theta_s_1e2 omega_b omega_dmeff tau_reio A_planck
1.110453083462157098e+00 -4.170550204055249234e-04 -4.681346480551074486e-04 3.731429670510825476e-06 1.794312902235877205e-06 5.771392138329650386e-05 -8.190539127858246062e-05 -5.349886466764695295e-05
-4.170550204055249234e-04 1.530534497144469966e-04 1.306243885703361905e-05 2.331498871549778930e-07 4.193306627840137516e-07 -4.036146536632031026e-06 7.272675469984289751e-05 7.650556787870786414e-06
-4.681346480551074486e-04 1.306243885703361905e-05 1.390192520948597934e-05 2.203131141473242408e-07 2.142905769759959834e-07 -2.866819771659438080e-06 9.317165439612144797e-06 8.892390441758641174e-07
3.731429670510824629e-06 2.331498871549778930e-07 2.203131141473242408e-07 6.634770097953880105e-08 8.566166868657639222e-09 -6.243416938277138905e-08 1.279692081650244242e-07 3.405198720109786919e-08
1.794312902235877205e-06 4.193306627840137516e-07 2.142905769759959834e-07 8.566166868657639222e-09 1.653524386242593162e-08 -7.708385382407581332e-08 2.427619062507914374e-07 2.689741275754467892e-08
5.771392138329650386e-05 -4.036146536632031026e-06 -2.866819771659438080e-06 -6.243416938277138905e-08 -7.708385382407581332e-08 1.157291167867590391e-06 -3.056754306702984143e-06 -2.731955114082244647e-07
-8.190539127858246062e-05 7.272675469984289751e-05 9.317165439612144797e-06 1.279692081650244242e-07 2.427619062507914374e-07 -3.056754306702984143e-06 4.050883189004344289e-05 -4.635290873377061522e-07
-5.349886466764695295e-05 7.650556787870786414e-06 8.892390441758641174e-07 3.405198720109786919e-08 2.689741275754467892e-08 -2.731955114082244647e-07 -4.635290873377061522e-07 4.775475268084969181e-06
