# log_sigma_dmeff logA n_s theta_s_1e2 omega_b omega_dmeff tau_reio A_planck
8.958224953478625130e-01 1.342161405683254486e-03 5.672509114706661328e-04 6.608273871564938288e-05 3.357841497031504471e-06 3.171966849212543731e-05 4.451728551469250864e-04 1.009108029375916672e-04
1.342161405683254486e-03 1.507504589723370836e-04 1.121113992705881268e-05 6.412389772357199897e-07 4.321984792838029488e-07 -2.679987466263233089e-06 7.032254057695507487e-05 7.119012447967607970e-06
5.672509114706661328e-04 1.121113992705881268e-05 1.363446446006934140e-05 2.975049368222875900e-07 1.936844332745571915e-07 -2.584627833022547015e-06 8.456907053439909465e-06 5.993850807489624295e-07
6.608273871564938288e-05 6.412389772357199897e-07 2.975049368222875900e-07 7.617194297739885192e-08 8.903284620160663077e-09 -4.444990228164441680e-08 2.801898464558004927e-07 4.184217470944418525e-08
3.357841497031504471e-06 4.321984792838029488e-07 1.936844332745571915e-07 8.903284620160663077e-09 1.755931235160830521e-08 -7.361999218409782425e-08 2.455725537950518500e-07 1.902982992058318455e-08
3.171966849212543731e-05 -2.679987466263233089e-06 -2.584627833022547015e-06 -4.444990228164441680e-08 -7.361999218409782425e-08 1.107220641493548503e-06 -2.414120727026933329e-06 -2.237441743396692819e-07
4.451728551469250864e-04 7.032254057695507487e-05 8.456907053439909465e-06 2.801898464558004927e-07 2.455725537950518500e-07 -2.414120727026933329e-06 3.878019140994363854e-05 -7.137237663509517605e-07
1.009108029375916672e-04 7.119012447967607970e-06 5.993850807489624295e-07 4.184217470944418525e-08 1.902982992058318455e-08 -2.237441743396692819e-07 -7.137237663509517605e-07 4.659319658221092922e-06
