# log_sigmaH_dmeff logA n_s theta_s_1e2 omega_b omega_dmeff tau_reio A_planck
2.276540011631603133e-01 1.459647082889800607e-03 9.403694665583476556e-04 7.328695536428360370e-05 -4.216603824393465333e-06 2.451537380060470506e-05 2.224883035399220809e-04 4.659672798954296884e-05
1.459647082889800607e-03 1.762519426450711484e-04 1.815792077914359445e-05 1.025326191752081596e-06 4.634344081395838996e-07 -2.715094264144738453e-06 7.786098027372367479e-05 1.019105024269605553e-05
9.403694665583476556e-04 1.815792077914359445e-05 1.866026260354828936e-05 5.717845145668794652e-07 1.773892246190769719e-07 -2.183186719176095092e-06 8.774231991187186972e-06 1.067285001562678952e-06
7.328695536428360370e-05 1.025326191752081596e-06 5.717845145668794652e-07 9.001676563927123607e-08 3.118487184784577171e-09 -4.797066807509154858e-08 4.069454013940933226e-07 -2.126989956102567050e-08
-4.216603824393465333e-06 4.634344081395838996e-07 1.773892246190769719e-07 3.118487184784577171e-09 1.419730248100008830e-08 -6.118748323566275962e-08 2.763179415014099121e-07 1.507152908338139688e-08
2.451537380060470506e-05 -2.715094264144738453e-06 -2.183186719176095092e-06 -4.797066807509154858e-08 -6.118748323566275962e-08 9.683532925486298998e-07 -2.356787102724704071e-06 -2.440917381507204756e-07
2.224883035399220809e-04 7.786098027372367479e-05 8.774231991187186972e-06 4.069454013940933226e-07 2.763179415014099121e-07 -2.356787102724704071e-06 4.122940688496295228e-05 5.682577998992840184e-07
4.659672798954296884e-05 1.019105024269605553e-05 1.067285001562678952e-06 -2.126989956102567050e-08 1.507152908338139688e-08 -2.440917381507204756e-07 5.682577998992840184e-07 4.957000073864149668e-06
