# log_sigmaH_dmeff logA n_s theta_s_1e2 omega_b omega_dmeff tau_reio A_planck
7.401704592391865623e-01 2.560651503289017826e-03 2.172494369177717551e-03 1.156224383330585557e-04 -2.856541541111129698e-05 3.233057439264736818e-05 3.713825437551587002e-04 4.903310793744572753e-05
2.560651503289017826e-03 1.826938142642013337e-04 1.496135240699436497e-05 5.425658330234238945e-07 4.793865221124464193e-07 -4.210746313880594882e-06 8.050188166899877550e-05 1.171929880633960841e-05
2.172494369177717551e-03 1.496135240699436497e-05 2.458901993768366673e-05 8.081838627458303589e-07 8.331257332695279446e-09 -3.094947157905005226e-06 6.900986516019482053e-06 9.606196514009599728e-07
1.156224383330585557e-04 5.425658330234238945e-07 8.081838627458303589e-07 8.738242072540637075e-08 -3.031486196048528302e-09 -4.753245515377518653e-08 8.361775658252765572e-08 2.805360351613642625e-08
-2.856541541111129698e-05 4.793865221124464193e-07 8.331257332695279446e-09 -3.031486196048528302e-09 1.944463697663953922e-08 -7.583589190994434071e-08 2.819398311446949503e-07 5.826932629822379868e-08
3.233057439264736818e-05 -4.210746313880594882e-06 -3.094947157905005226e-06 -4.753245515377518653e-08 -7.583589190994434071e-08 1.396077979729104275e-06 -3.554641649144850699e-06 -2.768366450942076813e-07
3.713825437551587002e-04 8.050188166899877550e-05 6.900986516019482053e-06 8.361775658252765572e-08 2.819398311446949503e-07 -3.554641649144850699e-06 4.431238101418927993e-05 5.459814498744598589e-07
4.903310793744572753e-05 1.171929880633960841e-05 9.606196514009599728e-07 2.805360351613642625e-08 5.826932629822379868e-08 -2.768366450942076813e-07 5.459814498744598589e-07 5.537481915583690897e-06
