# log_sigma_dmeff logA n_s theta_s_1e2 omega_b omega_dmeff tau_reio A_planck
3.107887024822702515e-01 2.001981087503671743e-03 8.566736295001974814e-04 4.919894424049259750e-05 -4.605625160608083471e-06 -9.241806537960015272e-05 8.769078444244866183e-04 -8.831038320762790174e-05
2.001981087503671743e-03 1.918380958530383992e-04 1.941017660440358191e-05 8.328039409232229170e-07 3.176322758938116785e-07 -3.339811674225964651e-06 8.944117332003634184e-05 7.825684137088924740e-06
8.566736295001974814e-04 1.941017660440358191e-05 1.511320608316810442e-05 4.458823049232965773e-07 8.961685092864544477e-08 -2.534339633922129737e-06 1.203248859331443050e-05 3.097631522768916704e-07
4.919894424049259750e-05 8.328039409232229170e-07 4.458823049232965773e-07 8.311967137178944557e-08 5.468775942543749044e-09 -8.703523141555208984e-08 5.163067244066330658e-07 -6.987486555415201787e-08
-4.605625160608083471e-06 3.176322758938116785e-07 8.961685092864544477e-08 5.468775942543749044e-09 1.745865383558134927e-08 -5.918239332362074603e-08 2.619411989532935809e-07 -6.001685777244763125e-08
-9.241806537960015272e-05 -3.339811674225964651e-06 -2.534339633922129737e-06 -8.703523141555208984e-08 -5.918239332362074603e-08 9.867722834183800237e-07 -2.674997903589567040e-06 6.614026175551436833e-09
8.769078444244866183e-04 8.944117332003634184e-05 1.203248859331443050e-05 5.163067244066330658e-07 2.619411989532935809e-07 -2.674997903589567040e-06 4.720154246696570648e-05 -2.233922536793193491e-07
-8.831038320762790174e-05 7.825684137088924740e-06 3.097631522768916704e-07 -6.987486555415201787e-08 -6.001685777244763125e-08 6.614026175551436833e-09 -2.233922536793193491e-07 4.730346492815496147e-06
