# log_sigma_dmeff logA n_s theta_s_1e2 omega_b omega_dmeff tau_reio A_planck
1.354380158780928767e+00 -3.291078836471537992e-04 -7.577446849472087341e-04 3.308286755929591628e-06 -8.004383709978384100e-06 3.654857586307624185e-05 -1.072467994097836861e-04 2.891007034888826735e-05
-3.291078836471537992e-04 1.506447778328846528e-04 1.253707115855402518e-05 3.910131509391693766e-07 4.237641333989490652e-07 -3.858742883857411455e-06 7.147470283088286217e-05 7.716740823118728310e-06
-7.577446849472087341e-04 1.253707115855402518e-05 1.439839887849153113e-05 2.471263182019431905e-07 2.037631572838088280e-07 -2.790790743647616417e-06 9.023643776094776920e-06 8.406967601879692670e-07
3.308286755929591628e-06 3.910131509391693766e-07 2.471263182019431905e-07 6.186525631384139755e-08 5.905350677366395288e-09 -5.871080788026990811e-08 2.274784111885125053e-07 1.453843540915617044e-08
-8.004383709978384100e-06 4.237641333989490652e-07 2.037631572838088280e-07 5.905350677366395288e-09 1.633996260977880750e-08 -7.617035795360660401e-08 2.536385212907397397e-07 1.359795581962129277e-08
3.654857586307624185e-05 -3.858742883857411455e-06 -2.790790743647616417e-06 -5.871080788026990811e-08 -7.617035795360660401e-08 1.110285370284856821e-06 -2.987204182499397170e-06 -2.175389264512215676e-07
-1.072467994097837268e-04 7.147470283088286217e-05 9.023643776094776920e-06 2.274784111885125053e-07 2.536385212907397397e-07 -2.987204182499397170e-06 4.008240262716610447e-05 -6.058251351124868226e-07
2.891007034888826735e-05 7.716740823118728310e-06 8.406967601879692670e-07 1.453843540915617044e-08 1.359795581962129277e-08 -2.175389264512215676e-07 -6.058251351124868226e-07 4.884364307417134501e-06
