# log_sigmaH_dmeff logA n_s theta_s_1e2 omega_b omega_dmeff tau_reio A_planck
2.058770581428279178e-01 -6.211895024063076014e-04 7.413099686961957405e-04 3.929120103146484494e-05 -1.115378235130153682e-05 3.110208199394542104e-05 -3.533579938035606022e-04 -2.596694998510658899e-04
-6.211895024063076014e-04 1.813922535179271110e-04 1.552378008129091472e-05 3.116114810849760870e-07 5.904505679093141568e-07 -7.058145117432739283e-06 8.814960917351660178e-05 1.092170194771951843e-05
7.413099686961957405e-04 1.552378008129091472e-05 1.827428794707229183e-05 4.162841495904820019e-07 1.676808901871668346e-07 -3.115711644668050200e-06 1.085444661343874125e-05 5.925299338206722308e-08
3.929120103146484494e-05 3.116114810849760870e-07 4.162841495904820019e-07 7.305678542475748735e-08 4.157669367602923292e-09 -7.018006172040327528e-08 1.823076991721854270e-07 -3.344004047115641222e-08
-1.115378235130153682e-05 5.904505679093141568e-07 1.676808901871668346e-07 4.157669367602923292e-09 1.701193845773236009e-08 -8.966322042095804129e-08 3.246573559838301818e-07 5.042517408991062740e-08
3.110208199394542104e-05 -7.058145117432739283e-06 -3.115711644668050200e-06 -7.018006172040327528e-08 -8.966322042095804129e-08 1.382672684518857153e-06 -4.397460080591013709e-06 -7.557911664398418305e-07
-3.533579938035606022e-04 8.814960917351660178e-05 1.085444661343874125e-05 1.823076991721854534e-07 3.246573559838301818e-07 -4.397460080591013709e-06 4.817771080237274062e-05 1.628557962459576081e-06
-2.596694998510658899e-04 1.092170194771951843e-05 5.925299338206722308e-08 -3.344004047115641222e-08 5.042517408991062740e-08 -7.557911664398418305e-07 1.628557962459576081e-06 5.384508488639730262e-06
