# log_sigmaH_dmeff logA n_s theta_s_1e2 omega_b omega_dmeff tau_reio A_planck
2.776845594209086943e-01 6.576471965385632295e-04 6.235674747844746494e-04 5.477509124093656230e-05 -6.425041466923426601e-06 3.155900739748105900e-05 1.137840451888809441e-05 -1.842500109259540903e-05
6.576471965385632295e-04 1.369224280173818873e-04 1.801995140483651000e-05 7.003391881039282451e-07 4.323799867446670171e-07 -4.004000591362994527e-06 6.512112020318120526e-05 7.001042641803282386e-06
6.235674747844746494e-04 1.801995140483651000e-05 1.796467607985726539e-05 4.157858360065740632e-07 2.998874113374596724e-07 -3.270136568719012728e-06 1.150586969789009092e-05 6.062832555289386726e-07
5.477509124093656230e-05 7.003391881039282451e-07 4.157858360065740632e-07 6.893335871168559320e-08 3.209232364750683400e-09 -6.121061545285233249e-08 3.061225839535535247e-07 1.729929433482099616e-08
-6.425041466923426601e-06 4.323799867446670171e-07 2.998874113374596724e-07 3.209232364750683400e-09 1.772186773106088742e-08 -9.660240370719554988e-08 3.001437955189850691e-07 1.732415517289320198e-08
3.155900739748105900e-05 -4.004000591362994527e-06 -3.270136568719012728e-06 -6.121061545285233249e-08 -9.660240370719554988e-08 1.172751555993554975e-06 -3.241559758689518217e-06 -1.435331565940624570e-07
1.137840451888812660e-05 6.512112020318119171e-05 1.150586969789009092e-05 3.061225839535535247e-07 3.001437955189850691e-07 -3.241559758689518217e-06 3.763042898258188966e-05 -8.682755196079093402e-07
-1.842500109259540903e-05 7.001042641803282386e-06 6.062832555289386726e-07 1.729929433482099616e-08 1.732415517289320198e-08 -1.435331565940624570e-07 -8.682755196079093402e-07 4.769598953772388964e-06
