# log_sigmaH_dmeff logA n_s theta_s_1e2 omega_b omega_dmeff tau_reio A_planck
1.446686911634797734e-01 7.224341734976143757e-04 6.334266458277634229e-04 7.322677399628959303e-05 1.011343734472240344e-06 -4.502961846914535335e-06 2.169193247892076419e-04 4.655500590719295173e-05
7.224341734976143757e-04 1.580179619032923307e-04 2.062830485923950987e-05 1.096149185369025560e-06 6.009541410127165365e-07 -4.824748112070158662e-06 7.285635315422351102e-05 1.092461449391611815e-05
6.334266458277634229e-04 2.062830485923950987e-05 1.668881669313184034e-05 5.964813143924040074e-07 2.710959444952724360e-07 -2.981977883552629198e-06 1.298878751975771013e-05 8.336068530370691569e-07
7.322677399628959303e-05 1.096149185369025560e-06 5.964813143924040074e-07 1.074357541804139986e-07 6.267520738363527251e-09 -4.868453236454357672e-08 4.965025899432001980e-07 2.284579370643938631e-08
1.011343734472240344e-06 6.009541410127165365e-07 2.710959444952724360e-07 6.267520738363527251e-09 2.032926555166394729e-08 -9.393776657344707770e-08 3.084344694912087278e-07 6.531949647904230573e-08
-4.502961846914535335e-06 -4.824748112070158662e-06 -2.981977883552629198e-06 -4.868453236454357672e-08 -9.393776657344707770e-08 1.215142363036299871e-06 -3.364824742866861274e-06 -4.479232886114761213e-07
2.169193247892076690e-04 7.285635315422351102e-05 1.298878751975771013e-05 4.965025899432001980e-07 3.084344694912087807e-07 -3.364824742866861274e-06 4.076265637611360443e-05 -1.414573327704154098e-07
4.655500590719295173e-05 1.092461449391611815e-05 8.336068530370691569e-07 2.284579370643938631e-08 6.531949647904230573e-08 -4.479232886114761213e-07 -1.414573327704154098e-07 6.210619075791394889e-06
