# log_sigmaH_dmeff logA n_s theta_s_1e2 omega_b omega_dmeff tau_reio A_planck
4.855868308540612355e-01 1.634592885734036495e-03 5.957944418991373671e-04 3.122921223626031341e-05 -5.190809802632760830e-06 2.105384499101689509e-05 5.544643918043511794e-04 -1.253948851790602308e-04
1.634592885734036495e-03 2.109007184311747975e-04 2.504528235796802906e-05 1.374649107398949640e-06 2.662677864658680453e-07 -7.293950958508174178e-06 1.017393728671520266e-04 9.898229989252837422e-06
5.957944418991373671e-04 2.504528235796802906e-05 1.233744502742455980e-05 3.891903455753735334e-07 1.474256227831389671e-07 -2.550809127426107090e-06 1.504019119183349856e-05 1.374174545857468921e-07
3.122921223626031341e-05 1.374649107398949640e-06 3.891903455753735334e-07 7.286921738609784878e-08 8.980549388877244536e-09 -1.242996718179122381e-07 7.473340859282309062e-07 1.628304646957498108e-08
-5.190809802632760830e-06 2.662677864658680453e-07 1.474256227831389671e-07 8.980549388877244536e-09 1.553358801026001714e-08 -7.132906645732230387e-08 1.637179672368775779e-07 2.913465635646351119e-08
2.105384499101689509e-05 -7.293950958508174178e-06 -2.550809127426107090e-06 -1.242996718179122381e-07 -7.132906645732230387e-08 1.270775295394698117e-06 -4.722652453897629519e-06 -3.460474195177448254e-07
5.544643918043511794e-04 1.017393728671520266e-04 1.504019119183349856e-05 7.473340859282309062e-07 1.637179672368775779e-07 -4.722652453897629519e-06 5.511201859405532872e-05 1.006397683528960189e-06
-1.253948851790602308e-04 9.898229989252837422e-06 1.374174545857468921e-07 1.628304646957498108e-08 2.913465635646351119e-08 -3.460474195177448254e-07 1.006397683528960400e-06 4.503245812020395802e-06
