# log_sigmaH_dmeff logA n_s theta_s_1e2 omega_b omega_dmeff tau_reio A_planck
2.841878044467807674e-01 3.105755508295433820e-04 5.653002651133205367e-04 6.638524953870471789e-05 -2.097176998922555045e-05 8.141931636376206543e-05 -3.917668816269635344e-04 2.153225089821466276e-05
3.105755508295433820e-04 1.653778965028726696e-04 1.620676510500785998e-05 6.871094937585167109e-07 5.177722847268301679e-07 -5.702403238807753404e-06 7.922469310881160892e-05 7.529904253981483940e-06
5.653002651133205367e-04 1.620676510500785998e-05 1.971524199332484381e-05 4.859477773723347889e-07 1.983618550438613941e-07 -3.259719264903709086e-06 9.886741048397616288e-06 1.561132822519633349e-06
6.638524953870471789e-05 6.871094937585167109e-07 4.859477773723347889e-07 9.934109222636881947e-08 5.799509194378069156e-09 -8.093203458709488475e-08 2.373304812734098139e-07 1.002204334238592167e-08
-2.097176998922555045e-05 5.177722847268301679e-07 1.983618550438613941e-07 5.799509194378069156e-09 1.850853839993669977e-08 -9.893497053697430273e-08 3.349900917493416959e-07 4.364603623460872149e-08
8.141931636376206543e-05 -5.702403238807753404e-06 -3.259719264903709086e-06 -8.093203458709488475e-08 -9.893497053697430273e-08 1.400549206109379650e-06 -4.098792899452560610e-06 -5.135518996516215423e-07
-3.917668816269635344e-04 7.922469310881160892e-05 9.886741048397616288e-06 2.373304812734098139e-07 3.349900917493416959e-07 -4.098792899452560610e-06 4.477084731847477629e-05 -1.026737519660596781e-07
2.153225089821466276e-05 7.529904253981483940e-06 1.561132822519633349e-06 1.002204334238592167e-08 4.364603623460872149e-08 -5.135518996516215423e-07 -1.026737519660596781e-07 4.690158463062789065e-06
