# log_sigmaH_dmeff logA n_s theta_s_1e2 omega_b omega_dmeff tau_reio A_planck
7.474663884219316656e-02 1.154001472623775984e-04 4.956734875063362666e-04 6.340778552184666357e-05 4.145598215203656944e-06 7.996310213126181488e-05 -1.358919116568167327e-04 -2.461012180573548408e-05
1.154001472623775984e-04 1.618048501543191062e-04 1.427365462816334647e-05 2.700262684717734806e-07 3.285943464007344061e-07 -5.900825449626756730e-06 7.729810729143473346e-05 1.013732478628361991e-05
4.956734875063362666e-04 1.427365462816334647e-05 1.765747045885260739e-05 6.743142851522249368e-07 2.244537014685106851e-07 -2.507374435320286907e-06 8.784968234546799924e-06 1.015098247797033358e-06
6.340778552184666357e-05 2.700262684717734806e-07 6.743142851522249368e-07 1.341114451612631901e-07 1.369597541757583385e-08 -4.294273539491083281e-10 -1.561294271017298697e-08 -7.016902546449168838e-09
4.145598215203656944e-06 3.285943464007344061e-07 2.244537014685106851e-07 1.369597541757583385e-08 1.705095415256547360e-08 -7.685342328054332660e-08 2.167261596947202493e-07 -2.349261857186526946e-09
7.996310213126181488e-05 -5.900825449626756730e-06 -2.507374435320286907e-06 -4.294273539491083281e-10 -7.685342328054332660e-08 1.310395715795132487e-06 -4.193916528736697180e-06 -4.628143161455901264e-07
-1.358919116568167327e-04 7.729810729143473346e-05 8.784968234546799924e-06 -1.561294271017298697e-08 2.167261596947202493e-07 -4.193916528736697180e-06 4.418784969821527376e-05 7.445830569786188099e-08
-2.461012180573548408e-05 1.013732478628361991e-05 1.015098247797033358e-06 -7.016902546449168838e-09 -2.349261857186526946e-09 -4.628143161455901264e-07 7.445830569786192069e-08 5.811515552039346216e-06
