# log_sigma_dmeff logA n_s theta_s_1e2 omega_b omega_dmeff tau_reio A_planck
3.926452996069779711e-01 1.268701184027090558e-03 7.496486833329699638e-04 7.804047681977012831e-05 7.032019872178384561e-07 2.035468761337516543e-04 1.010795411661241460e-04 1.189706728901318328e-04
1.268701184027090558e-03 1.394145754441933035e-04 2.299764015514461216e-05 8.951820152755092219e-07 4.761320998459018472e-07 -4.236654795967165141e-06 6.024809867736544242e-05 1.233905179795918996e-05
7.496486833329699638e-04 2.299764015514461216e-05 2.015822003816054284e-05 6.195562699489028889e-07 3.014199594718515802e-07 -3.262482730152056316e-06 1.177372562203500661e-05 3.717121032256127953e-06
7.804047681977012831e-05 8.951820152755092219e-07 6.195562699489028889e-07 8.562797167353169950e-08 7.875361056845367394e-09 -2.845770013439862786e-08 3.092718368895661828e-07 1.094491480303527875e-07
7.032019872178384561e-07 4.761320998459018472e-07 3.014199594718515802e-07 7.875361056845367394e-09 1.706287764026666850e-08 -8.698374617457515636e-08 2.589227406290054805e-07 6.079641998302318214e-08
2.035468761337516543e-04 -4.236654795967165141e-06 -3.262482730152056316e-06 -2.845770013439862786e-08 -8.698374617457515636e-08 1.553145509165850979e-06 -3.302878793783640375e-06 -8.133787182916705046e-07
1.010795411661241460e-04 6.024809867736544242e-05 1.177372562203500661e-05 3.092718368895661828e-07 2.589227406290054805e-07 -3.302878793783640375e-06 3.283046821853888731e-05 1.179185909636863422e-06
1.189706728901318328e-04 1.233905179795918996e-05 3.717121032256127953e-06 1.094491480303527875e-07 6.079641998302318214e-08 -8.133787182916705046e-07 1.179185909636863422e-06 5.971985832997519379e-06
