# log_sigmaH_dmeff logA n_s theta_s_1e2 omega_b omega_dmeff tau_reio A_planck
3.911161798641604737e-01 -1.335475376961966297e-05 -6.360007837587987019e-04 9.932686049596258150e-06 -1.010403321092935791e-06 4.857461030734965365e-05 1.028336470175219262e-04 -6.116207027227512207e-05
-1.335475376961966297e-05 1.767296873516773740e-04 1.104651258878307556e-05 7.333265917103825360e-07 3.689236214486987138e-07 -4.148461427223444022e-06 8.216356062670213166e-05 1.000657846695919585e-05
-6.360007837587987019e-04 1.104651258878307556e-05 1.465326764459912748e-05 1.559052264387461174e-07 1.869987425431857215e-07 -2.941597702092109597e-06 9.604578281102280716e-06 -3.216863881241711033e-07
9.932686049596258150e-06 7.333265917103825360e-07 1.559052264387461174e-07 5.920530682307060160e-08 7.915126209782485016e-09 -6.550376620693377567e-08 3.861931875817548933e-07 2.328340599371350459e-08
-1.010403321092935791e-06 3.689236214486987138e-07 1.869987425431857215e-07 7.915126209782485016e-09 1.788986770479249842e-08 -7.826099153057484279e-08 2.221562843561589764e-07 1.929277730331152122e-08
4.857461030734965365e-05 -4.148461427223444022e-06 -2.941597702092109597e-06 -6.550376620693377567e-08 -7.826099153057484279e-08 1.257368173269550321e-06 -3.281118439176858670e-06 -2.365782684240262637e-07
1.028336470175219262e-04 8.216356062670213166e-05 9.604578281102282410e-06 3.861931875817548933e-07 2.221562843561589764e-07 -3.281118439176858670e-06 4.465707704881154090e-05 4.198895894551698578e-07
-6.116207027227512207e-05 1.000657846695919585e-05 -3.216863881241711033e-07 2.328340599371350459e-08 1.929277730331152122e-08 -2.365782684240262637e-07 4.198895894551700167e-07 4.991320094163463184e-06
