# log_sigmaH_dmeff logA n_s theta_s_1e2 omega_b omega_dmeff tau_reio A_planck
5.944597523152785751e-02 -3.510004975786789098e-04 -2.668331949716543929e-04 1.436247122471509225e-05 -3.743438997869306873e-06 2.406307252394527735e-05 -1.195787308459508554e-04 1.482323380683458224e-05
-3.510004975786789098e-04 1.537566306101423210e-04 8.402901434766783733e-06 -9.202535426014941985e-08 3.559950474359485260e-07 -3.094008603220830718e-06 7.320662160277512911e-05 6.038902617469167706e-06
-2.668331949716543929e-04 8.402901434766783733e-06 1.000011533856664019e-05 3.404358869764183039e-08 1.589388523267318790e-07 -2.158103685532280436e-06 6.645176247675841073e-06 -1.182416646636166377e-07
1.436247122471509225e-05 -9.202535426014941985e-08 3.404358869764183039e-08 7.312596331120743606e-08 -4.467867328365477250e-10 -3.301250873737625501e-08 -7.041008528272421601e-08 5.870038172301026588e-08
-3.743438997869306873e-06 3.559950474359485260e-07 1.589388523267318790e-07 -4.467867328365477250e-10 1.468382545537064461e-08 -6.092867942289937316e-08 1.966045085870771275e-07 1.490318213726200967e-08
2.406307252394527735e-05 -3.094008603220830718e-06 -2.158103685532280436e-06 -3.301250873737625501e-08 -6.092867942289937316e-08 9.937074904239399599e-07 -2.333461675350624815e-06 -2.526142911551081818e-07
-1.195787308459508825e-04 7.320662160277512911e-05 6.645176247675841073e-06 -7.041008528272421601e-08 1.966045085870771275e-07 -2.333461675350624815e-06 4.085140748275578181e-05 -1.482843029205423845e-06
1.482323380683458224e-05 6.038902617469167706e-06 -1.182416646636166377e-07 5.870038172301026588e-08 1.490318213726200967e-08 -2.526142911551081818e-07 -1.482843029205423845e-06 4.824366611288763731e-06
