# log_sigmaH_dmeff logA n_s theta_s_1e2 omega_b omega_dmeff tau_reio A_planck
1.029799254566957645e-01 7.371776151195528343e-04 4.335092421013467820e-04 6.201323874997220255e-05 3.145811084823094941e-06 6.608130555726027299e-05 9.573308553839095887e-05 5.721149159070768031e-05
7.371776151195528343e-04 1.520623452519526055e-04 1.512016902903994002e-05 9.989603631780863342e-07 4.101411397188560515e-07 -3.146716755797062858e-06 7.120877713769824182e-05 6.676157117991347779e-06
4.335092421013467820e-04 1.512016902903994002e-05 1.685463514596127171e-05 6.620609668067770156e-07 2.741252873142638712e-07 -2.835341742933564347e-06 9.960748084798749235e-06 7.140122814953045690e-07
6.201323874997220255e-05 9.989603631780863342e-07 6.620609668067770156e-07 1.252664666953683905e-07 1.453726945132034778e-08 -5.163540472846049937e-08 3.186413772427152449e-07 1.028455313292901059e-07
3.145811084823094941e-06 4.101411397188560515e-07 2.741252873142638712e-07 1.453726945132034778e-08 1.755243466941773502e-08 -8.295470956651982244e-08 2.504771811430839239e-07 2.050340031931792829e-08
6.608130555726027299e-05 -3.146716755797062858e-06 -2.835341742933564347e-06 -5.163540472846049937e-08 -8.295470956651982244e-08 1.259543120191890341e-06 -3.050059735563028704e-06 -6.338746705945571457e-08
9.573308553839095887e-05 7.120877713769824182e-05 9.960748084798749235e-06 3.186413772427151920e-07 2.504771811430839239e-07 -3.050059735563028704e-06 4.106368753589718213e-05 -1.703537300855832633e-06
5.721149159070768031e-05 6.676157117991347779e-06 7.140122814953045690e-07 1.028455313292901059e-07 2.050340031931792829e-08 -6.338746705945571457e-08 -1.703537300855832633e-06 4.981385226990673482e-06
