# log_sigma_dmeff logA n_s theta_s_1e2 omega_b omega_dmeff tau_reio A_planck
6.095474348730851588e-01 -3.350422966328510626e-04 5.498471327628087855e-04 3.443988932076606991e-05 -2.787938670395938254e-06 2.684869788595466115e-05 -8.598003968976539310e-04 2.646056760037536308e-04
-3.350422966328510626e-04 1.728144630130669900e-04 6.925023238125125818e-06 -8.635638539554912601e-09 3.090500202357558426e-07 -3.314911280465642876e-06 8.357571920543039798e-05 6.063600427571226123e-06
5.498471327628087855e-04 6.925023238125125818e-06 1.330269191137425019e-05 1.784790516460120634e-07 1.655135569424482571e-07 -2.494585953516621471e-06 5.848051022357478781e-06 5.520225576563419554e-07
3.443988932076606991e-05 -8.635638539554912601e-09 1.784790516460120634e-07 7.333968471440791531e-08 5.019982332005680658e-09 -5.134639516558390215e-08 -2.908301182556206159e-08 3.130864726486905147e-08
-2.787938670395938254e-06 3.090500202357558426e-07 1.655135569424482571e-07 5.019982332005680658e-09 1.417324636767826966e-08 -7.401387265160999472e-08 2.103732683248205056e-07 9.167153700039628227e-09
2.684869788595466115e-05 -3.314911280465642876e-06 -2.494585953516621471e-06 -5.134639516558390215e-08 -7.401387265160999472e-08 1.089956698310999357e-06 -2.900644760471108258e-06 -9.169195203466700978e-09
-8.598003968976539310e-04 8.357571920543039798e-05 5.848051022357478781e-06 -2.908301182556206159e-08 2.103732683248205056e-07 -2.900644760471108258e-06 4.762452705771523092e-05 -1.642266023923654516e-06
2.646056760037536308e-04 6.063600427571226123e-06 5.520225576563419554e-07 3.130864726486905147e-08 9.167153700039628227e-09 -9.169195203466700978e-09 -1.642266023923654516e-06 4.578678884148660155e-06
