# log_sigma_dmeff logA n_s theta_s_1e2 omega_b omega_dmeff tau_reio A_planck
6.874482074319594460e-01 1.174165627177457772e-03 1.216027202180332755e-03 7.171512769569280592e-05 -7.825872497886556751e-06 5.247239361440719671e-05 9.144568513711833380e-05 -5.779920764074873842e-05
1.174165627177457772e-03 1.701427974854284142e-04 1.669451562022891014e-05 6.410722523605985742e-07 3.384482074522785071e-07 -3.985355909866640102e-06 7.971447259598063580e-05 8.381718261818951906e-06
1.216027202180332755e-03 1.669451562022891014e-05 1.797216208110223227e-05 4.756995443791398797e-07 1.507588607219378825e-07 -2.674327971460236508e-06 9.492810163523583784e-06 9.764122671596816033e-07
7.171512769569280592e-05 6.410722523605985742e-07 4.756995443791398797e-07 8.272641758570973016e-08 5.421744001776750008e-09 -5.023867670682396072e-08 2.339632557461145440e-07 2.210275162592359193e-08
-7.825872497886556751e-06 3.384482074522785071e-07 1.507588607219378825e-07 5.421744001776750008e-09 1.586829461381823890e-08 -7.136082175943917781e-08 2.171234780860048848e-07 1.693304236713618749e-08
5.247239361440719671e-05 -3.985355909866640102e-06 -2.674327971460236508e-06 -5.023867670682396072e-08 -7.136082175943917781e-08 1.181892484246310102e-06 -3.168771028669376246e-06 -2.657632072658568071e-07
9.144568513711834735e-05 7.971447259598063580e-05 9.492810163523585478e-06 2.339632557461145440e-07 2.171234780860048848e-07 -3.168771028669376246e-06 4.400517268783983382e-05 -5.103728365233424175e-08
-5.779920764074873842e-05 8.381718261818951906e-06 9.764122671596816033e-07 2.210275162592359193e-08 1.693304236713618749e-08 -2.657632072658568071e-07 -5.103728365233436748e-08 4.806196948131589298e-06
