# log_sigma_dmeff logA n_s theta_s_1e2 omega_b omega_dmeff tau_reio A_planck
4.998283944968320847e-01 -6.304079671727740898e-04 -4.373342665173559794e-04 2.168604579641159965e-06 -1.307195725816070091e-05 8.668335227943030059e-05 -2.292433647523270976e-04 -3.560970651858521750e-05
-6.304079671727740898e-04 1.417747558255020950e-04 8.335535557369011793e-06 3.013523967299182458e-07 1.491424849226314668e-07 -2.939137568346706955e-06 6.879818946142679992e-05 5.372992231805919171e-06
-4.373342665173559794e-04 8.335535557369011793e-06 1.112918832735301009e-05 7.935004802614477826e-08 1.449480369336055182e-07 -2.375259456196025275e-06 7.042762010432511732e-06 2.289265055484828179e-07
2.168604579641159965e-06 3.013523967299182458e-07 7.935004802614477826e-08 5.216238954269833289e-08 2.690699887381273928e-09 -3.382612743193589384e-08 1.465208347499620969e-07 3.118739778104727817e-08
-1.307195725816070091e-05 1.491424849226314668e-07 1.449480369336055182e-07 2.690699887381273928e-09 1.171984952989300542e-08 -4.633423241966302729e-08 8.962446568321682989e-08 1.421811226596261602e-08
8.668335227943030059e-05 -2.939137568346706955e-06 -2.375259456196025275e-06 -3.382612743193589384e-08 -4.633423241966302729e-08 9.311474506437816057e-07 -2.557235870864641645e-06 -4.835455709361995062e-08
-2.292433647523270976e-04 6.879818946142679992e-05 7.042762010432511732e-06 1.465208347499620969e-07 8.962446568321682989e-08 -2.557235870864642069e-06 3.951459608138805366e-05 -1.507976352388322026e-06
-3.560970651858521750e-05 5.372992231805919171e-06 2.289265055484828179e-07 3.118739778104727817e-08 1.421811226596261602e-08 -4.835455709361995062e-08 -1.507976352388322449e-06 4.328424430364301915e-06
