# log_sigma_dmeff logA n_s theta_s_1e2 omega_b omega_dmeff tau_reio A_planck
1.012377750336012516e+00 1.063844469215089730e-04 -4.931729115410651235e-04 7.664272188233028877e-06 -9.199343575773520173e-06 7.759458592154907467e-05 3.271580723777731548e-05 3.622169602100692689e-05
1.063844469215089730e-04 1.651560735956669843e-04 1.083745968161797720e-05 2.330681805623104957e-07 4.139935237051143617e-07 -3.829342316421800908e-06 7.755887986135814763e-05 8.698829656184975528e-06
-4.931729115410651235e-04 1.083745968161797720e-05 1.413704343386633495e-05 2.599832845539821831e-07 1.906194765709105833e-07 -2.719758485712632807e-06 8.331028524805715601e-06 6.813400749448878468e-07
7.664272188233028877e-06 2.330681805623104957e-07 2.599832845539821831e-07 6.690920107855306295e-08 7.881821101683878257e-09 -7.302477600078974092e-08 1.651706378847286106e-07 1.054212737545644308e-08
-9.199343575773520173e-06 4.139935237051143617e-07 1.906194765709105833e-07 7.881821101683878257e-09 1.658842157022454340e-08 -7.599974529127340879e-08 2.357064401006178140e-07 2.317148870772581541e-08
7.759458592154907467e-05 -3.829342316421800908e-06 -2.719758485712632807e-06 -7.302477600078974092e-08 -7.599974529127340879e-08 1.144460966579012958e-06 -2.913716819332444202e-06 -2.970157089649904284e-07
3.271580723777731548e-05 7.755887986135814763e-05 8.331028524805715601e-06 1.651706378847286106e-07 2.357064401006178140e-07 -2.913716819332444202e-06 4.241451229808622007e-05 -1.255519645355824265e-08
3.622169602100692689e-05 8.698829656184975528e-06 6.813400749448878468e-07 1.054212737545644308e-08 2.317148870772581541e-08 -2.970157089649904284e-07 -1.255519645355824265e-08 4.833248054569592162e-06
