# log_sigma_dmeff logA n_s theta_s_1e2 omega_b omega_dmeff tau_reio A_planck
4.232808373598463958e-01 1.301454708448825060e-03 9.288241734385932361e-05 7.169750047028395029e-05 2.351871583498593901e-06 1.654742149233214173e-04 2.688582404945567979e-04 7.334995397123465430e-05
1.301454708448825060e-03 1.595850155907839918e-04 2.040589143016323869e-05 6.220888848873376954e-07 2.603129072810514510e-07 -3.218985698054318541e-06 7.578969201065825138e-05 8.922252080926628554e-06
9.288241734385932361e-05 2.040589143016323869e-05 1.540604704029857480e-05 1.999649024706484237e-07 2.115319117631637278e-07 -2.599548656555604647e-06 1.329696879747242174e-05 6.114460050275720867e-07
7.169750047028395029e-05 6.220888848873376954e-07 1.999649024706484237e-07 7.895272246870043012e-08 7.489528063373623380e-09 -3.713718847786029830e-08 3.040909420073268824e-07 1.497627480858967789e-08
2.351871583498593901e-06 2.603129072810514510e-07 2.115319117631637278e-07 7.489528063373623380e-09 1.571346119912094318e-08 -6.448007907816069417e-08 1.738685052575587751e-07 1.014764234253626687e-08
1.654742149233214173e-04 -3.218985698054318541e-06 -2.599548656555604647e-06 -3.713718847786029830e-08 -6.448007907816069417e-08 1.037005264413358450e-06 -2.927744885367916406e-06 -3.829349838334337261e-08
2.688582404945567979e-04 7.578969201065825138e-05 1.329696879747242174e-05 3.040909420073268824e-07 1.738685052575587751e-07 -2.927744885367916406e-06 4.287107276364170009e-05 -3.018800865881570683e-07
7.334995397123465430e-05 8.922252080926628554e-06 6.114460050275720867e-07 1.497627480858967789e-08 1.014764234253626687e-08 -3.829349838334337261e-08 -3.018800865881570683e-07 5.006179340895893665e-06
