# log_sigmaH_dmeff logA n_s theta_s_1e2 omega_b omega_dmeff tau_reio A_planck
7.125413022954667497e-01 1.488853376128489083e-03 1.401314174158741757e-03 4.968639548918416535e-05 -1.745905345606234754e-05 3.222206122352020850e-05 3.504506426251019838e-04 -7.987076564411504963e-05
1.488853376128489083e-03 1.343786495704081161e-04 9.067782569447513347e-06 6.320777665085236169e-07 3.912930314355051549e-07 -2.541658301815311975e-06 6.140433807977235836e-05 6.729761745291996783e-06
1.401314174158741757e-03 9.067782569447513347e-06 1.569842821926507843e-05 4.441182758771828982e-07 1.597571732412964045e-07 -2.670402782979556774e-06 7.132518214674752486e-06 -5.611008065980901499e-07
4.968639548918416535e-05 6.320777665085236169e-07 4.441182758771828982e-07 6.669499044832148222e-08 5.105635160734529465e-09 -9.931289627256697421e-08 4.179992603394759026e-07 -5.427394035844257275e-08
-1.745905345606234754e-05 3.912930314355051549e-07 1.597571732412964045e-07 5.105635160734529465e-09 1.658685150991911204e-08 -8.738434984298531321e-08 2.400326950270009700e-07 6.137267110052790908e-08
3.222206122352020850e-05 -2.541658301815311975e-06 -2.670402782979556774e-06 -9.931289627256697421e-08 -8.738434984298531321e-08 1.098065988993619612e-06 -2.253897954682228416e-06 -3.048610714663308248e-07
3.504506426251020380e-04 6.140433807977235836e-05 7.132518214674752486e-06 4.179992603394759026e-07 2.400326950270010229e-07 -2.253897954682228416e-06 3.339777401568161174e-05 -3.070940337656961295e-07
-7.987076564411504963e-05 6.729761745291996783e-06 -5.611008065980901499e-07 -5.427394035844257275e-08 6.137267110052790908e-08 -3.048610714663308248e-07 -3.070940337656961824e-07 4.530741156938497565e-06
