# log_sigmaH_dmeff logA n_s theta_s_1e2 omega_b omega_dmeff tau_reio A_planck
2.295418889238556859e-01 6.028643965261614541e-04 7.700484900456971201e-04 5.151485445484908754e-05 -6.261648451549697280e-06 4.508692498463258479e-05 -4.818615331223514948e-05 -6.008907729462661842e-05
6.028643965261614541e-04 1.184210556408239490e-04 1.195980683214003280e-05 6.514787166748187699e-07 3.097794157394803108e-07 -3.053062113032856129e-06 5.556396545359988844e-05 6.273471011492049202e-06
7.700484900456971201e-04 1.195980683214003280e-05 1.464998887214454427e-05 4.230822820554789840e-07 1.700625932769379365e-07 -2.198954700010546867e-06 7.650524367906170079e-06 1.035163297225508819e-07
5.151485445484908754e-05 6.514787166748187699e-07 4.230822820554789840e-07 7.485354841121327174e-08 4.705697906147582889e-09 -5.115367892903772662e-08 2.682493162411516998e-07 -6.354364413008639900e-09
-6.261648451549697280e-06 3.097794157394803108e-07 1.700625932769379365e-07 4.705697906147582889e-09 1.675824412374654912e-08 -7.219796851626826095e-08 1.725385664222152934e-07 4.218466223244720350e-08
4.508692498463258479e-05 -3.053062113032856129e-06 -2.198954700010546867e-06 -5.115367892903772662e-08 -7.219796851626826095e-08 1.052522000088967318e-06 -2.436015549022160101e-06 -3.618761860449085656e-07
-4.818615331223514948e-05 5.556396545359988844e-05 7.650524367906170079e-06 2.682493162411516998e-07 1.725385664222152934e-07 -2.436015549022160101e-06 3.175472534342965530e-05 -3.803298391685006513e-07
-6.008907729462661842e-05 6.273471011492049202e-06 1.035163297225508819e-07 -6.354364413008639900e-09 4.218466223244720350e-08 -3.618761860449085656e-07 -3.803298391685006513e-07 4.218981816574235684e-06
