# log_sigma_dmeff logA n_s theta_s_1e2 omega_b omega_dmeff tau_reio A_planck
3.227550552895053770e-01 9.132540262206246921e-04 2.574226587969034668e-05 6.900815399421751130e-05 -7.245511156655435516e-06 1.598860129105149493e-04 -9.992993886577586609e-05 2.214139031003971205e-04
9.132540262206246921e-04 1.596655627034792408e-04 1.001233407924680370e-05 6.974594650063504357e-07 4.447913283090055081e-07 -2.757532147004638037e-06 7.438601044041780620e-05 7.027831422950772172e-06
2.574226587969034668e-05 1.001233407924680370e-05 1.632826387184816282e-05 1.944557006928008750e-07 2.923438015950934327e-07 -3.930660243058850368e-06 9.799940722108418619e-06 1.611862841929800683e-07
6.900815399421751130e-05 6.974594650063504357e-07 1.944557006928008750e-07 8.027479576556150012e-08 5.782982035995064246e-09 -2.449395831600181137e-08 2.553511931656455580e-07 5.736654960540887659e-08
-7.245511156655435516e-06 4.447913283090055081e-07 2.923438015950934327e-07 5.782982035995064246e-09 2.010723698333541632e-08 -1.123543641046491058e-07 3.293821128958631132e-07 -3.525656197803889687e-09
1.598860129105149493e-04 -2.757532147004638037e-06 -3.930660243058850368e-06 -2.449395831600181137e-08 -1.123543641046491058e-07 1.604047305439066289e-06 -3.198291001918980150e-06 -1.059343893215625149e-07
-9.992993886577589320e-05 7.438601044041780620e-05 9.799940722108418619e-06 2.553511931656455580e-07 3.293821128958631132e-07 -3.198291001918979303e-06 4.168051701615298096e-05 -7.454823673567521580e-07
2.214139031003971205e-04 7.027831422950772172e-06 1.611862841929800683e-07 5.736654960540887659e-08 -3.525656197803889687e-09 -1.059343893215625149e-07 -7.454823673567522639e-07 4.376059595672823242e-06
