# log_sigmaH_dmeff logA n_s theta_s_1e2 omega_b omega_dmeff tau_reio A_planck
3.610345021497051721e-01 1.362730178969505162e-03 9.247964096746934476e-04 8.516575520357276172e-05 -3.639812608654716516e-06 1.231373529166482743e-05 2.940370064889993645e-04 -3.062388560167763203e-05
1.362730178969505162e-03 1.623744961693545860e-04 1.873726668677863823e-05 8.605628046398215089e-07 4.707777790970766736e-07 -5.386494070352147907e-06 7.595790452124934168e-05 8.117640465078018234e-06
9.247964096746934476e-04 1.873726668677863823e-05 1.446262670866928915e-05 5.591788921963173151e-07 2.012810768536039628e-07 -2.779898994656136928e-06 1.074651627341176600e-05 9.156861609538294645e-07
8.516575520357276172e-05 8.605628046398215089e-07 5.591788921963173151e-07 8.069861754467957417e-08 6.069105132669375077e-09 -7.601264347134164373e-08 3.499014148632443875e-07 2.142029385855997709e-08
-3.639812608654716516e-06 4.707777790970766736e-07 2.012810768536039628e-07 6.069105132669375077e-09 1.857415497535593824e-08 -9.763442772766357161e-08 2.938578579454833426e-07 3.864541833179369166e-08
1.231373529166482743e-05 -5.386494070352147907e-06 -2.779898994656136928e-06 -7.601264347134164373e-08 -9.763442772766357161e-08 1.299532572825045881e-06 -3.726385986144454060e-06 -4.256538541958706590e-07
2.940370064889993645e-04 7.595790452124935523e-05 1.074651627341176600e-05 3.499014148632443875e-07 2.938578579454833426e-07 -3.726385986144454060e-06 4.102879117743737453e-05 5.089229938479776916e-07
-3.062388560167763203e-05 8.117640465078018234e-06 9.156861609538294645e-07 2.142029385855997709e-08 3.864541833179369166e-08 -4.256538541958706590e-07 5.089229938479776916e-07 4.332242844139611981e-06
