# log_sigma_dmeff logA n_s theta_s_1e2 omega_b omega_dmeff tau_reio A_planck
7.311235469816670385e-01 1.380921133254316884e-03 1.039682184749405117e-03 5.194262062837762039e-05 -1.768798841337423111e-05 2.039602867342966782e-05 3.368091688118825299e-04 -2.067125585825268131e-04
1.380921133254316884e-03 1.524619457041254730e-04 2.061388880748272223e-05 3.826244112042729877e-07 3.317806829126112532e-07 -4.308940836011647396e-06 6.989421707574037721e-05 9.081498100676927226e-06
1.039682184749405117e-03 2.061388880748272223e-05 1.623458536249165055e-05 2.951731912267508757e-07 1.454401817497714416e-07 -2.749276554292670588e-06 1.227698109491786414e-05 5.466540653791961266e-07
5.194262062837762039e-05 3.826244112042729877e-07 2.951731912267508757e-07 6.166302345695117194e-08 5.338168886357361074e-09 -5.618598794996666425e-08 1.330427809748120280e-07 3.300331220924810892e-08
-1.768798841337423111e-05 3.317806829126112532e-07 1.454401817497714416e-07 5.338168886357361074e-09 1.599127312312238820e-08 -7.921488349247540848e-08 1.798847634549651787e-07 7.196166761799575696e-08
2.039602867342966782e-05 -4.308940836011647396e-06 -2.749276554292670588e-06 -5.618598794996666425e-08 -7.921488349247540848e-08 1.161883935979579104e-06 -3.111506072572956577e-06 -3.923594586815842716e-07
3.368091688118825299e-04 6.989421707574037721e-05 1.227698109491786414e-05 1.330427809748120280e-07 1.798847634549651787e-07 -3.111506072572956577e-06 3.866411602929179365e-05 -2.796157640927180245e-07
-2.067125585825268131e-04 9.081498100676927226e-06 5.466540653791961266e-07 3.300331220924810892e-08 7.196166761799575696e-08 -3.923594586815842716e-07 -2.796157640927180245e-07 5.548979109840930147e-06
