# log_sigma_dmeff logA n_s theta_s_1e2 omega_b omega_dmeff tau_reio A_planck
4.411835376858397328e-01 4.567037305908877901e-04 1.177784300229757367e-03 9.149322343577095636e-05 -1.312777442834088407e-05 3.600245064498017270e-05 -1.600060505396284981e-04 -9.533245971328404298e-05
4.567037305908877901e-04 1.347389557955420742e-04 1.459948495400092072e-05 6.096884572098672224e-09 5.020642135048220215e-07 -4.762745475790820504e-06 6.764209540628619757e-05 4.799191576346903695e-06
1.177784300229757367e-03 1.459948495400092072e-05 1.474192161994691000e-05 5.604346352387303349e-07 1.471058171271669275e-07 -2.266119133174851791e-06 8.230472659286246570e-06 4.635023395640291835e-07
9.149322343577095636e-05 6.096884572098672224e-09 5.604346352387303349e-07 8.280156353229733390e-08 -1.487336332714165440e-09 -4.288913420123326760e-08 -6.077937315997070291e-08 -3.749472033542787706e-09
-1.312777442834088407e-05 5.020642135048220215e-07 1.471058171271669275e-07 -1.487336332714165440e-09 1.625114898615931513e-08 -8.076632823910214985e-08 3.258653181875936595e-07 2.212805803241312853e-08
3.600245064498017270e-05 -4.762745475790820504e-06 -2.266119133174851791e-06 -4.288913420123326760e-08 -8.076632823910214985e-08 1.008791090477023392e-06 -3.315081068778512395e-06 -2.514155215748047263e-07
-1.600060505396284981e-04 6.764209540628619757e-05 8.230472659286246570e-06 -6.077937315997068968e-08 3.258653181875936595e-07 -3.315081068778512395e-06 3.878451117699047303e-05 -6.223720057277297870e-07
-9.533245971328404298e-05 4.799191576346903695e-06 4.635023395640291835e-07 -3.749472033542787706e-09 2.212805803241312853e-08 -2.514155215748047263e-07 -6.223720057277296811e-07 3.911107409340734890e-06
