# log_sigma_dmeff logA n_s theta_s_1e2 omega_b omega_dmeff tau_reio A_planck
7.351092498003873876e-01 1.262658121923448387e-03 1.032069974262285255e-03 7.487234106491720499e-05 -4.349943366668785485e-06 5.088043231415465640e-05 1.242779512431056092e-04 1.852713238213171953e-05
1.262658121923448387e-03 1.630397680796201378e-04 1.382037172468304248e-05 5.969599571204673247e-07 3.633482815840111572e-07 -2.825350058604841640e-06 7.438523272048228941e-05 8.508655500529561922e-06
1.032069974262285255e-03 1.382037172468304248e-05 1.545400923320996222e-05 4.144646405233527700e-07 1.908800680716227050e-07 -2.465757207301359134e-06 8.430749437123727049e-06 8.029461589928313649e-07
7.487234106491720499e-05 5.969599571204673247e-07 4.144646405233527700e-07 7.865018121619727275e-08 7.933701104637539251e-09 -5.782211465895647762e-08 2.110823614263025996e-07 4.548086198532963199e-08
-4.349943366668785485e-06 3.633482815840111572e-07 1.908800680716227050e-07 7.933701104637539251e-09 1.631965615781882081e-08 -7.253771082661895457e-08 2.088529906925000323e-07 2.874949222493567351e-08
5.088043231415465640e-05 -2.825350058604841640e-06 -2.465757207301359134e-06 -5.782211465895647762e-08 -7.253771082661895457e-08 1.101986444748647054e-06 -2.518871605340959508e-06 -2.062468154897381425e-07
1.242779512431056092e-04 7.438523272048228941e-05 8.430749437123727049e-06 2.110823614263025996e-07 2.088529906924999794e-07 -2.518871605340959508e-06 4.054364906799003696e-05 -2.701489568920053064e-07
1.852713238213171953e-05 8.508655500529561922e-06 8.029461589928313649e-07 4.548086198532963199e-08 2.874949222493567351e-08 -2.062468154897381425e-07 -2.701489568920052534e-07 4.858312684777727428e-06
