# log_sigmaH_dmeff logA n_s theta_s_1e2 omega_b omega_dmeff tau_reio A_planck
5.143087459499454672e-01 2.277605617310226533e-05 6.366583539382455895e-04 4.499271603886211300e-05 6.514063619363135178e-06 -5.053902447035452664e-05 -1.001169565042096061e-04 -7.408274260389382322e-05
2.277605617310226533e-05 1.436189267144222475e-04 9.089774968385752808e-06 6.310454200710287802e-07 2.532117631304274220e-07 -3.640748960342822477e-06 6.684328943741457067e-05 8.233729873849393509e-06
6.366583539382455895e-04 9.089774968385752808e-06 1.590509049664048970e-05 3.801730636066109989e-07 2.357808086670257442e-07 -2.956036817137254264e-06 8.162969253801167577e-06 -2.431296888542774220e-07
4.499271603886211300e-05 6.310454200710287802e-07 3.801730636066109989e-07 8.646749896789774201e-08 1.275444322319346965e-08 -1.103596424260619022e-07 3.233999811362602129e-07 4.525366108386167211e-08
6.514063619363135178e-06 2.532117631304274220e-07 2.357808086670257442e-07 1.275444322319346965e-08 1.564395225828971607e-08 -7.713299873731942906e-08 1.987294414068080247e-07 -1.576061643103457395e-08
-5.053902447035452664e-05 -3.640748960342822477e-06 -2.956036817137254264e-06 -1.103596424260619022e-07 -7.713299873731942906e-08 1.165502506617215424e-06 -2.695133807204534911e-06 -3.834863556790575400e-07
-1.001169565042096061e-04 6.684328943741457067e-05 8.162969253801167577e-06 3.233999811362602129e-07 1.987294414068080247e-07 -2.695133807204534911e-06 3.711613041780346408e-05 -2.899237190019027362e-07
-7.408274260389382322e-05 8.233729873849393509e-06 -2.431296888542774220e-07 4.525366108386167211e-08 -1.576061643103457395e-08 -3.834863556790575400e-07 -2.899237190019027362e-07 4.876177122671915471e-06
