# log_sigma_dmeff logA n_s theta_s_1e2 omega_b omega_dmeff tau_reio A_planck
1.193418154487531080e+00 1.300015741840733225e-03 1.198305813549862446e-03 8.315392284338750416e-05 -6.576677689271513791e-06 5.140178255859896767e-05 1.889732004788379795e-04 -2.566839137756152960e-05
1.300015741840733225e-03 1.537527185931214773e-04 1.155693443369405977e-05 4.556567557567679546e-07 3.717209881562186371e-07 -3.272709960741109937e-06 7.217640875833334182e-05 7.216059157737192471e-06
1.198305813549862446e-03 1.155693443369405977e-05 1.408774233863149258e-05 3.497789120162205453e-07 1.561829221925087493e-07 -2.331038640676954009e-06 7.907292375192906308e-06 3.067246980588717329e-07
8.315392284338750416e-05 4.556567557567679546e-07 3.497789120162205453e-07 7.392540682505148830e-08 5.186718833478270087e-09 -4.847439802493263546e-08 1.777295482387117439e-07 2.487773451486906705e-08
-6.576677689271513791e-06 3.717209881562186371e-07 1.561829221925087493e-07 5.186718833478270087e-09 1.476231653401413174e-08 -6.774784055151426348e-08 2.209384883309113007e-07 1.927219204933445838e-08
5.140178255859896767e-05 -3.272709960741109937e-06 -2.331038640676954009e-06 -4.847439802493263546e-08 -6.774784055151426348e-08 1.039759759838691804e-06 -2.621410684956303810e-06 -2.530872845664222539e-07
1.889732004788379795e-04 7.217640875833334182e-05 7.907292375192906308e-06 1.777295482387117439e-07 2.209384883309113007e-07 -2.621410684956303810e-06 3.988698228475458436e-05 -5.109612153254000723e-07
-2.566839137756152960e-05 7.216059157737192471e-06 3.067246980588717329e-07 2.487773451486906705e-08 1.927219204933445838e-08 -2.530872845664222539e-07 -5.109612153253999664e-07 4.610820179742794960e-06
