# log_sigmaH_dmeff logA n_s theta_s_1e2 omega_b omega_dmeff tau_reio A_planck
1.529113867501136481e-01 -2.621000496985629474e-04 -1.229640851417237871e-04 2.512204203665519079e-05 -3.912046394123259741e-06 1.536643971162933586e-05 -1.163401048436589290e-04 8.494892069760894633e-05
-2.621000496985629474e-04 1.503660256251843508e-04 1.161258889610367001e-05 2.092555402020322109e-07 2.886191932762319335e-07 -4.009445348483285513e-06 7.337365269976185006e-05 6.292490307114417200e-06
-1.229640851417237871e-04 1.161258889610367001e-05 1.158976773677229695e-05 2.177588186657962584e-07 1.566039844388750459e-07 -2.609862384229229261e-06 8.592828086016532967e-06 5.866752455269931083e-07
2.512204203665519079e-05 2.092555402020322109e-07 2.177588186657962584e-07 7.698708846623138037e-08 7.511203099241317004e-09 -7.216814119091496295e-08 2.074594266274282623e-07 -1.883550596269269729e-08
-3.912046394123259741e-06 2.886191932762319335e-07 1.566039844388750459e-07 7.511203099241317004e-09 1.472452737867667287e-08 -6.145482586138400532e-08 1.561146337551686350e-07 3.279780994116373417e-08
1.536643971162933586e-05 -4.009445348483285513e-06 -2.609862384229229261e-06 -7.216814119091496295e-08 -6.145482586138400532e-08 1.139584657678241512e-06 -2.939354114723145446e-06 -3.590693797980084495e-07
-1.163401048436589290e-04 7.337365269976185006e-05 8.592828086016532967e-06 2.074594266274282623e-07 1.561146337551686350e-07 -2.939354114723145446e-06 4.173991986826910196e-05 -1.170785070439235420e-06
8.494892069760894633e-05 6.292490307114417200e-06 5.866752455269931083e-07 -1.883550596269269729e-08 3.279780994116373417e-08 -3.590693797980084495e-07 -1.170785070439235420e-06 4.962081259499698817e-06
