# log_sigma_dmeff logA n_s theta_s_1e2 omega_b omega_dmeff tau_reio A_planck
5.571844736349382821e-01 -4.219328242074487354e-04 -5.585741828918609937e-04 -1.700541356354201471e-05 -9.619552702111426267e-06 6.006585746729810170e-05 1.260361247322501878e-04 -3.077046464876364348e-04
-4.219328242074487354e-04 1.542363037434392871e-04 1.529002793190037477e-05 3.195670528842791520e-07 3.626490631554850444e-07 -4.992345841879703214e-06 7.282414581552101363e-05 9.287597764045074606e-06
-5.585741828918609937e-04 1.529002793190037477e-05 1.345143570761625428e-05 2.217786179169239425e-07 1.911817099023697693e-07 -2.527266174712950850e-06 9.318770634098316413e-06 1.586250241162885899e-06
-1.700541356354201471e-05 3.195670528842791520e-07 2.217786179169239425e-07 6.030944368557901103e-08 4.079012348008946781e-09 -2.986400215576586755e-08 1.621047738508108516e-07 1.814420255799072131e-08
-9.619552702111426267e-06 3.626490631554850444e-07 1.911817099023697693e-07 4.079012348008946781e-09 1.584133198117016574e-08 -7.049072854954645128e-08 1.881667723348856329e-07 5.042333154747108048e-08
6.006585746729810170e-05 -4.992345841879703214e-06 -2.527266174712950850e-06 -2.986400215576586755e-08 -7.049072854954645128e-08 9.886269610780248832e-07 -3.075742380619990043e-06 -5.390418598018934581e-07
1.260361247322501878e-04 7.282414581552101363e-05 9.318770634098316413e-06 1.621047738508108516e-07 1.881667723348856329e-07 -3.075742380619990043e-06 4.010363112729706969e-05 1.789890859825721216e-07
-3.077046464876364348e-04 9.287597764045074606e-06 1.586250241162885899e-06 1.814420255799072131e-08 5.042333154747108048e-08 -5.390418598018934581e-07 1.789890859825721216e-07 4.966264529359583029e-06
