# log_sigma_dmeff logA n_s theta_s_1e2 omega_b omega_dmeff tau_reio A_planck
1.654111565730499889e+00 -1.551813656084661619e-03 -1.330461888672906977e-03 -1.628487584658324272e-05 3.861302026314606807e-06 -3.152576105972209312e-05 -5.862764425054655879e-04 -1.158130140058167571e-05
-1.551813656084661619e-03 1.448305796684459822e-04 1.847069300907635110e-05 7.798637025066739121e-07 4.218565187932226535e-07 -3.819319133284574968e-06 7.073894728508343607e-05 5.285709602215247119e-06
-1.330461888672906977e-03 1.847069300907635110e-05 1.770453986436104889e-05 5.145166262387784495e-07 2.588270720620889066e-07 -3.004723034985735568e-06 1.212184742459125336e-05 6.165907538456867698e-07
-1.628487584658324272e-05 7.798637025066739121e-07 5.145166262387784495e-07 7.912816904037129409e-08 1.064252232258412481e-08 -1.074784239246383214e-07 4.673796607657376675e-07 2.393019962493600540e-08
3.861302026314606807e-06 4.218565187932226535e-07 2.588270720620889066e-07 1.064252232258412481e-08 1.785621624464157180e-08 -7.602158874285774655e-08 2.126399296230126487e-07 4.646326122408251097e-08
-3.152576105972209312e-05 -3.819319133284574968e-06 -3.004723034985735568e-06 -1.074784239246383214e-07 -7.602158874285774655e-08 1.179143545273839774e-06 -2.878773396331988555e-06 -3.482616549204631210e-07
-5.862764425054655879e-04 7.073894728508343607e-05 1.212184742459125336e-05 4.673796607657376675e-07 2.126399296230126487e-07 -2.878773396331988555e-06 4.150669699130287441e-05 -2.452568288297525174e-06
-1.158130140058167571e-05 5.285709602215247119e-06 6.165907538456867698e-07 2.393019962493600540e-08 4.646326122408251097e-08 -3.482616549204631210e-07 -2.452568288297525174e-06 5.526478645276209695e-06
