# log_sigmaH_dmeff logA n_s theta_s_1e2 omega_b omega_dmeff tau_reio A_planck
5.111280113665042091e-01 8.581608353265207461e-05 -2.804303872638662896e-04 -3.648603298400723234e-07 4.722282273351478066e-06 1.149964933201635633e-04 1.890021343956971170e-04 -2.449599500891667882e-04
8.581608353265207461e-05 1.616972643810115024e-04 1.365024434806702627e-05 6.505456820877993775e-07 5.643997822586186420e-07 -5.618773754052716550e-06 7.932746690618277857e-05 7.166016257024404372e-06
-2.804303872638662896e-04 1.365024434806702627e-05 1.133138865913031611e-05 1.993309918058742867e-07 2.211799680613784581e-07 -2.320376550691073967e-06 8.323847086543358670e-06 1.613279052069349452e-06
-3.648603298400723234e-07 6.505456820877993775e-07 1.993309918058742867e-07 5.964420996474418126e-08 1.187196104650120503e-08 -9.643187603426469264e-08 3.489198164881171862e-07 3.866423080795298634e-08
4.722282273351478066e-06 5.643997822586186420e-07 2.211799680613784581e-07 1.187196104650120503e-08 1.842555216288429198e-08 -8.256909751695540199e-08 2.943111583960308483e-07 5.039855259250310313e-08
1.149964933201635633e-04 -5.618773754052716550e-06 -2.320376550691073967e-06 -9.643187603426469264e-08 -8.256909751695540199e-08 1.090317095839409051e-06 -3.859528857954300380e-06 -1.607435986190883054e-07
1.890021343956971170e-04 7.932746690618277857e-05 8.323847086543358670e-06 3.489198164881171862e-07 2.943111583960308483e-07 -3.859528857954300380e-06 4.439771825070197862e-05 -1.617506877070874671e-07
-2.449599500891667882e-04 7.166016257024404372e-06 1.613279052069349452e-06 3.866423080795298634e-08 5.039855259250310313e-08 -1.607435986190883054e-07 -1.617506877070874671e-07 4.080822899783249795e-06
