# log_sigmaH_dmeff logA n_s theta_s_1e2 omega_b omega_dmeff tau_reio A_planck
4.396233782036175763e-01 1.866790918829330987e-04 6.847880172282787845e-04 4.688070457066401727e-05 -1.188034344341055150e-05 7.916180653598190473e-05 -5.752175808229155257e-04 1.660696831148588944e-04
1.866790918829330987e-04 1.190790130311370718e-04 2.424414470524638024e-06 -2.552970909883666366e-07 3.392650455927158232e-07 -1.141415236482494097e-06 5.675738190308508260e-05 4.645966965789780706e-06
6.847880172282787845e-04 2.424414470524638024e-06 1.626140451661673203e-05 3.730269998790129595e-07 1.306241072286977939e-07 -2.226001873215920417e-06 2.407856283584581250e-06 5.648727257104782529e-07
4.688070457066401727e-05 -2.552970909883666366e-07 3.730269998790129595e-07 6.067294687257828905e-08 4.204545831811866089e-09 -6.266490772029548943e-08 -1.191578608040819536e-07 -5.993975579331909145e-09
-1.188034344341055150e-05 3.392650455927158232e-07 1.306241072286977939e-07 4.204545831811866089e-09 1.435443029170418467e-08 -7.148524025087484527e-08 2.608510192396673905e-07 -1.897818659875096673e-08
7.916180653598190473e-05 -1.141415236482494097e-06 -2.226001873215920417e-06 -6.266490772029548943e-08 -7.148524025087484527e-08 1.115570084687302085e-06 -1.800476883975408899e-06 -1.678169310879204063e-08
-5.752175808229155257e-04 5.675738190308508260e-05 2.407856283584581250e-06 -1.191578608040819536e-07 2.608510192396673905e-07 -1.800476883975408899e-06 3.390776571872624473e-05 -2.016474168963432620e-06
1.660696831148588944e-04 4.645966965789780706e-06 5.648727257104782529e-07 -5.993975579331909145e-09 -1.897818659875096673e-08 -1.678169310879204063e-08 -2.016474168963432620e-06 4.370940594670586270e-06
