# log_sigma_dmeff logA n_s theta_s_1e2 omega_b omega_dmeff tau_reio A_planck
7.441797708265025513e-01 3.963689932075147374e-04 1.033282219767558052e-03 9.498490580575894222e-05 -2.484600461854887928e-05 3.749150655448674912e-05 -2.555523027438106340e-04 -1.730214229821050800e-04
3.963689932075147374e-04 1.351831839250762426e-04 1.263215494279578510e-05 6.020251084007491153e-07 2.603377323856244999e-07 -3.078269441120700745e-06 6.303126583352689004e-05 6.994175504762249994e-06
1.033282219767558052e-03 1.263215494279578510e-05 1.371538645111229294e-05 5.142698207060976704e-07 1.264453743299668711e-07 -2.191177507021121316e-06 8.356108189349541150e-06 -1.322564965493490835e-07
9.498490580575894222e-05 6.020251084007491153e-07 5.142698207060976704e-07 7.999697513234335282e-08 2.047831971389777825e-09 -7.357759005487331605e-08 2.904880072952030250e-07 -3.076239280071921758e-08
-2.484600461854887928e-05 2.603377323856244999e-07 1.264453743299668711e-07 2.047831971389777825e-09 1.515982825789046306e-08 -6.450256197982281952e-08 1.378486805547029344e-07 6.337256817129971043e-08
3.749150655448674912e-05 -3.078269441120700745e-06 -2.191177507021121316e-06 -7.357759005487331605e-08 -6.450256197982281952e-08 9.031052801089033131e-07 -2.455345857842035274e-06 -1.584723721010902760e-07
-2.555523027438106340e-04 6.303126583352689004e-05 8.356108189349541150e-06 2.904880072952030250e-07 1.378486805547029608e-07 -2.455345857842035274e-06 3.633565955100761694e-05 -1.245808864231112905e-06
-1.730214229821050800e-04 6.994175504762249994e-06 -1.322564965493490835e-07 -3.076239280071921758e-08 6.337256817129971043e-08 -1.584723721010902760e-07 -1.245808864231112905e-06 5.229875213330531184e-06
