# log_sigma_dmeff logA n_s theta_s_1e2 omega_b omega_dmeff tau_reio A_planck
1.337194909846225910e+00 1.514716297304208315e-04 -1.705043634943097719e-04 3.337455741331546574e-05 1.335876753072488493e-06 4.391462427744226082e-05 1.221168827979235969e-04 -2.386324686417406636e-05
1.514716297304208315e-04 1.555203448601415032e-04 1.061847284908357350e-05 3.259655340299100030e-07 4.261788689920006163e-07 -3.669060185173626127e-06 7.414008905636254988e-05 7.402626346284251267e-06
-1.705043634943097719e-04 1.061847284908357350e-05 1.220552641503743131e-05 2.038515165412381805e-07 1.848283770858992624e-07 -2.465155247927490592e-06 8.177802568344122246e-06 5.469488140977418283e-07
3.337455741331546574e-05 3.259655340299100030e-07 2.038515165412381805e-07 6.848612739768178947e-08 7.247933851232030308e-09 -6.193741918388840959e-08 1.955097594295525174e-07 1.876025000402292758e-08
1.335876753072488493e-06 4.261788689920006163e-07 1.848283770858992624e-07 7.247933851232030308e-09 1.637151084528571542e-08 -7.093736845315962912e-08 2.441019193676240997e-07 2.124356993042407191e-08
4.391462427744226082e-05 -3.669060185173626127e-06 -2.465155247927490592e-06 -6.193741918388840959e-08 -7.093736845315962912e-08 1.064907769514703466e-06 -2.824975258086472203e-06 -2.286501162287096391e-07
1.221168827979236240e-04 7.414008905636254988e-05 8.177802568344123940e-06 1.955097594295525174e-07 2.441019193676241526e-07 -2.824975258086472203e-06 4.139626971835910557e-05 -7.015704811046248208e-07
-2.386324686417406636e-05 7.402626346284251267e-06 5.469488140977418283e-07 1.876025000402292758e-08 2.124356993042407191e-08 -2.286501162287096391e-07 -7.015704811046248208e-07 4.812292889960585766e-06
