# log_sigmaH_dmeff logA n_s theta_s_1e2 omega_b omega_dmeff tau_reio A_planck
6.644303070168128267e-01 -3.165530774233506249e-04 1.818174463342567965e-03 5.466865203231920204e-05 -1.800299175828074463e-06 2.544818201604407337e-05 -6.283283657834100094e-04 -1.427570085638707519e-04
-3.165530774233506249e-04 1.376546081019978680e-04 1.196735607313398132e-05 5.545767847040568703e-07 3.914542868593230357e-07 -2.586318778098550009e-06 6.821066057924401419e-05 3.257994319430962121e-06
1.818174463342567965e-03 1.196735607313398132e-05 1.897181530906578962e-05 5.628627733192588934e-07 1.699474672442555356e-07 -2.170082319077975426e-06 7.341963498607018231e-06 -9.969688948352858423e-07
5.466865203231920204e-05 5.545767847040568703e-07 5.628627733192588934e-07 7.969421864473287435e-08 5.175507787797296535e-09 -4.867412316276439444e-08 3.341213345418147876e-07 -1.105586927719561542e-07
-1.800299175828074463e-06 3.914542868593230357e-07 1.699474672442555356e-07 5.175507787797296535e-09 1.461809435618662945e-08 -5.714886373764899552e-08 2.577176826515089074e-07 -2.191763121657336066e-08
2.544818201604407337e-05 -2.586318778098550009e-06 -2.170082319077975426e-06 -4.867412316276439444e-08 -5.714886373764899552e-08 9.100178140675869856e-07 -1.940838288408063725e-06 -3.718506885919867133e-07
-6.283283657834100094e-04 6.821066057924401419e-05 7.341963498607018231e-06 3.341213345418147876e-07 2.577176826515089074e-07 -1.940838288408063725e-06 3.866413736424135453e-05 -1.652178583895437237e-06
-1.427570085638707519e-04 3.257994319430962121e-06 -9.969688948352858423e-07 -1.105586927719561542e-07 -2.191763121657336066e-08 -3.718506885919867133e-07 -1.652178583895437237e-06 4.368046252529770832e-06
