# log_sigmaH_dmeff logA n_s theta_s_1e2 omega_b omega_dmeff tau_reio A_planck
3.079262637522173773e-01 -1.086321124096114796e-03 -5.633117031684619757e-04 1.921122037508754920e-05 -3.287108439042640545e-06 7.806771239720502564e-05 -4.500972566029737840e-04 -2.851187614697517993e-05
-1.086321124096114796e-03 1.492759082589083057e-04 1.627071087639217709e-05 3.319079257349805493e-07 3.559289372431812469e-07 -3.859969856902839945e-06 7.069220668186492113e-05 7.579882303175789743e-06
-5.633117031684619757e-04 1.627071087639217709e-05 1.246311716979898338e-05 1.893730728284154617e-07 1.680650571449899761e-07 -2.464474551723009519e-06 1.054631785728324783e-05 4.835763326970578513e-07
1.921122037508754920e-05 3.319079257349805493e-07 1.893730728284154617e-07 5.429590277998773561e-08 6.245757623362296762e-09 -4.860111072104813358e-08 1.511042629667993017e-07 5.975040728148865889e-08
-3.287108439042640545e-06 3.559289372431812469e-07 1.680650571449899761e-07 6.245757623362296762e-09 1.578089050131113487e-08 -6.061232667610830775e-08 2.207367997172050430e-07 -4.379865382239811320e-09
7.806771239720502564e-05 -3.859969856902839945e-06 -2.464474551723009519e-06 -4.860111072104813358e-08 -6.061232667610830775e-08 9.841225350439577653e-07 -2.889252490630188113e-06 -1.344131020009613824e-07
-4.500972566029737840e-04 7.069220668186492113e-05 1.054631785728324783e-05 1.511042629667993017e-07 2.207367997172050430e-07 -2.889252490630187689e-06 3.923502420319384458e-05 -4.346245647786534555e-07
-2.851187614697517993e-05 7.579882303175789743e-06 4.835763326970578513e-07 5.975040728148865889e-08 -4.379865382239811320e-09 -1.344131020009613824e-07 -4.346245647786534555e-07 4.636408784017501269e-06
