# log_sigmaH_dmeff logA n_s theta_s_1e2 omega_b omega_dmeff tau_reio A_planck
5.755156893209064650e-01 8.963201995467642413e-04 9.026617833294905426e-05 4.916902716020230614e-05 1.395122182431608465e-05 2.338746112743713277e-05 4.781891750247846081e-04 1.214800988736343258e-05
8.963201995467642413e-04 1.543915120719299228e-04 1.462533139929794008e-05 9.936024182341514452e-07 3.750054909698028218e-07 -4.939141095002108646e-06 7.541975425644445604e-05 6.952993810910696323e-06
9.026617833294905426e-05 1.462533139929794008e-05 1.322474166027205821e-05 4.316183539981468584e-07 1.421781524872720743e-07 -2.645026632088198709e-06 1.035683277793478756e-05 7.420031848618139463e-07
4.916902716020230614e-05 9.936024182341514452e-07 4.316183539981468584e-07 7.974481322072580143e-08 7.355505015656641396e-09 -9.429543622668591368e-08 5.763419532191018289e-07 3.194979863557881514e-08
1.395122182431608465e-05 3.750054909698028218e-07 1.421781524872720743e-07 7.355505015656641396e-09 1.666204871497498454e-08 -6.856035338894393369e-08 2.704613823101945148e-07 -3.218407463989022867e-08
2.338746112743713277e-05 -4.939141095002108646e-06 -2.645026632088198709e-06 -9.429543622668591368e-08 -6.856035338894393369e-08 1.218446084793112250e-06 -3.732011382933980041e-06 -1.443335978343386178e-07
4.781891750247846081e-04 7.541975425644445604e-05 1.035683277793478756e-05 5.763419532191018289e-07 2.704613823101945148e-07 -3.732011382933979617e-06 4.258284430333835689e-05 -4.880852372145597508e-07
1.214800988736343258e-05 6.952993810910696323e-06 7.420031848618139463e-07 3.194979863557881514e-08 -3.218407463989022867e-08 -1.443335978343386178e-07 -4.880852372145598567e-07 4.520529755504520569e-06
