# log_sigmaH_dmeff logA n_s theta_s_1e2 omega_b omega_dmeff tau_reio A_planck
2.880037404433786752e-01 8.798904896893991988e-04 8.292509625050659009e-04 6.353724087464073412e-05 -8.370925191624073740e-06 6.233924164011312515e-05 -1.174641988769162769e-04 8.027699530681683829e-05
8.798904896893991988e-04 1.397591301122584390e-04 1.331789948065381184e-05 4.091283914358954347e-07 1.844938285075319997e-07 -2.322208864249489262e-06 6.444931223696277202e-05 6.065066619613480444e-06
8.292509625050659009e-04 1.331789948065381184e-05 1.427277682661567645e-05 3.220768174284084370e-07 1.201033041459324654e-07 -2.023467030007585841e-06 6.870107481474344394e-06 1.087732306072361668e-06
6.353724087464073412e-05 4.091283914358954347e-07 3.220768174284084370e-07 7.947743745495853638e-08 1.191429003556520307e-09 -1.616763706721815209e-08 3.508163324757801761e-08 4.418109916199826607e-08
-8.370925191624073740e-06 1.844938285075319997e-07 1.201033041459324654e-07 1.191429003556520307e-09 1.299026921812707977e-08 -6.053489117750286860e-08 1.294960577617666720e-07 2.450667630830702092e-08
6.233924164011312515e-05 -2.322208864249489262e-06 -2.023467030007585841e-06 -1.616763706721815209e-08 -6.053489117750286860e-08 9.310167411636166079e-07 -2.092579302896376187e-06 -2.005491588400587381e-07
-1.174641988769162769e-04 6.444931223696277202e-05 6.870107481474344394e-06 3.508163324757802423e-08 1.294960577617666720e-07 -2.092579302896376187e-06 3.588153044498320298e-05 -7.675377243258882024e-07
8.027699530681683829e-05 6.065066619613480444e-06 1.087732306072361668e-06 4.418109916199826607e-08 2.450667630830702092e-08 -2.005491588400587381e-07 -7.675377243258882024e-07 4.115667791737724180e-06
