# log_sigma_dmeff logA n_s theta_s_1e2 omega_b omega_dmeff tau_reio A_planck
3.090615243015695235e-01 4.171351309624660338e-04 8.614781599607788292e-04 7.464171161731586099e-05 -5.630260390030625116e-07 1.168999962242784862e-06 -2.752836770809332853e-04 6.554303179800686043e-05
4.171351309624660338e-04 1.439536420058963573e-04 4.735708162161460569e-06 9.758407141907466625e-07 2.440024274831755226e-07 -2.908379611197434717e-06 6.845150333128965101e-05 4.568283095280912692e-06
8.614781599607788292e-04 4.735708162161460569e-06 1.269150727917585695e-05 3.688719366613431837e-07 9.960731256249040677e-08 -1.850625799597828657e-06 3.946211104974369162e-06 -2.172765485882112526e-07
7.464171161731586099e-05 9.758407141907466625e-07 3.688719366613431837e-07 8.100337764051893481e-08 2.487272832611111850e-10 -2.595107922973896349e-08 2.774795601160051450e-07 7.477835589955875765e-08
-5.630260390030625116e-07 2.440024274831755226e-07 9.960731256249040677e-08 2.487272832611111850e-10 1.172727987713801458e-08 -4.830348452895489129e-08 1.529372842725351663e-07 3.473027497988646213e-09
1.168999962242784862e-06 -2.908379611197434717e-06 -1.850625799597828657e-06 -2.595107922973896349e-08 -4.830348452895489129e-08 9.036967734143791779e-07 -2.388315014077053853e-06 -1.867046323144556531e-07
-2.752836770809332853e-04 6.845150333128965101e-05 3.946211104974369162e-06 2.774795601160051450e-07 1.529372842725351663e-07 -2.388315014077053853e-06 3.885028094572813020e-05 -1.539243457184343173e-06
6.554303179800686043e-05 4.568283095280912692e-06 -2.172765485882112526e-07 7.477835589955875765e-08 3.473027497988646213e-09 -1.867046323144556531e-07 -1.539243457184343173e-06 4.172822969973703213e-06
