# log_sigma_dmeff logA n_s theta_s_1e2 omega_b omega_dmeff tau_reio A_planck
7.612897938936231679e-01 1.103371440021208832e-03 1.180053957067952368e-03 9.018271424684591055e-05 -1.192823160382018959e-05 9.238109778679131419e-05 6.914058102064828789e-06 -4.417094949532457426e-05
1.103371440021208832e-03 1.443953481469307880e-04 1.335823825194226000e-05 5.309481663143362469e-07 2.957296066949638668e-07 -2.727953688427629351e-06 6.654794864269109197e-05 6.850187501201396005e-06
1.180053957067952368e-03 1.335823825194226000e-05 1.588583842044837821e-05 4.807934557034290911e-07 1.485429765818838161e-07 -2.193649008562474300e-06 7.945519482074560644e-06 4.402861488829329401e-07
9.018271424684591055e-05 5.309481663143362469e-07 4.807934557034290911e-07 8.401256621163986387e-08 5.363945996300220716e-09 -3.862887662393259006e-08 1.655177953373864423e-07 7.512125973573123110e-09
-1.192823160382018790e-05 2.957296066949638668e-07 1.485429765818838161e-07 5.363945996300220716e-09 1.551883041436655268e-08 -7.352331164288349411e-08 2.075615771146456879e-07 1.131160904477786909e-08
9.238109778679131419e-05 -2.727953688427629351e-06 -2.193649008562474300e-06 -3.862887662393259006e-08 -7.352331164288349411e-08 1.097719077625711654e-06 -2.505344106488847362e-06 -2.262218757259581592e-07
6.914058102064794061e-06 6.654794864269109197e-05 7.945519482074560644e-06 1.655177953373864423e-07 2.075615771146456879e-07 -2.505344106488847362e-06 3.717729287199958091e-05 -7.929869582030383357e-07
-4.417094949532457426e-05 6.850187501201396005e-06 4.402861488829329401e-07 7.512125973573123110e-09 1.131160904477786909e-08 -2.262218757259581592e-07 -7.929869582030383357e-07 4.679440377234579710e-06
