# log_sigmaH_dmeff logA n_s theta_s_1e2 omega_b omega_dmeff tau_reio A_planck
1.221273910722778244e-01 6.628276592779090140e-04 3.283461397922783154e-04 6.534219523651914330e-05 4.903120342971975181e-07 1.240868601231561071e-04 4.724642581386112844e-05 -4.147606429151650141e-05
6.628276592779090140e-04 1.719217944188930101e-04 9.818227032367035561e-06 1.189268699072500779e-06 4.325782082218418307e-07 -3.634726487141295847e-06 7.739669428030881049e-05 1.011411234896373521e-05
3.283461397922783154e-04 9.818227032367035561e-06 1.393298598185669348e-05 2.577010172570205753e-07 1.586014823218532036e-07 -2.147974866317177951e-06 7.865781440637043895e-06 -9.972258420374268338e-08
6.534219523651914330e-05 1.189268699072500779e-06 2.577010172570205753e-07 1.064197607408613897e-07 5.532586499219460318e-09 2.967076873681710978e-08 2.655103117347175594e-07 1.225800103400918939e-07
4.903120342971975181e-07 4.325782082218418307e-07 1.586014823218532036e-07 5.532586499219460318e-09 1.783697225720960507e-08 -6.960452970837671666e-08 2.412702436481496879e-07 2.606875252792533513e-08
1.240868601231561071e-04 -3.634726487141295847e-06 -2.147974866317177951e-06 2.967076873681710978e-08 -6.960452970837671666e-08 1.215200507738648162e-06 -3.152764124418631211e-06 -3.416062576797380384e-07
4.724642581386109455e-05 7.739669428030881049e-05 7.865781440637043895e-06 2.655103117347176123e-07 2.412702436481496879e-07 -3.152764124418631211e-06 4.234842547934752313e-05 8.883271085842128436e-08
-4.147606429151650141e-05 1.011411234896373521e-05 -9.972258420374268338e-08 1.225800103400918939e-07 2.606875252792533513e-08 -3.416062576797380384e-07 8.883271085842128436e-08 5.354708823080569015e-06
