# log_sigma_dmeff logA n_s theta_s_1e2 omega_b omega_dmeff tau_reio A_planck
7.096787042274822488e-01 6.962718909015110265e-04 6.998321863453576056e-04 1.001660588636370442e-04 -1.121841831477778242e-07 9.608559066250844569e-05 7.359152666687179681e-05 -2.671999992393815655e-06
6.962718909015110265e-04 1.790331358990754048e-04 1.494351105450083938e-05 7.161634267980191893e-07 4.015249120385162712e-07 -3.687678620528158733e-06 8.600863199834637757e-05 7.067491375928322954e-06
6.998321863453576056e-04 1.494351105450083938e-05 1.505072824452197910e-05 4.234183461136430203e-07 2.040578352873209048e-07 -2.669958737267740323e-06 1.013416597661031405e-05 7.122060388025914815e-07
1.001660588636370442e-04 7.161634267980191893e-07 4.234183461136430203e-07 9.289514635318831987e-08 8.291442824692494502e-09 -4.997682794379677938e-08 3.280962363952252400e-07 1.366811898744408511e-08
-1.121841831477778242e-07 4.015249120385162712e-07 2.040578352873209048e-07 8.291442824692494502e-09 1.564849222090664286e-08 -7.458916640343849767e-08 2.390000261386567501e-07 1.806671439514639586e-08
9.608559066250844569e-05 -3.687678620528158733e-06 -2.669958737267740323e-06 -4.997682794379677938e-08 -7.458916640343849767e-08 1.167891904499491235e-06 -2.999953291336641538e-06 -2.441442596638943180e-07
7.359152666687181037e-05 8.600863199834637757e-05 1.013416597661031405e-05 3.280962363952252400e-07 2.390000261386567501e-07 -2.999953291336641538e-06 4.789312087901983052e-05 -1.022140856909623283e-06
-2.671999992393815655e-06 7.067491375928322954e-06 7.122060388025914815e-07 1.366811898744408511e-08 1.806671439514639586e-08 -2.441442596638943180e-07 -1.022140856909623283e-06 4.980253809899052666e-06
