# log_sigma_dmeff logA n_s theta_s_1e2 omega_b omega_dmeff tau_reio A_planck
5.679495683925579463e-01 1.069703699897900026e-03 1.140419961934741001e-03 8.572102593561914581e-05 -8.672336527184844619e-06 6.661509619886404497e-05 1.690682826066510814e-05 -3.340160101122771808e-05
1.069703699897900026e-03 1.642974141988988283e-04 1.645455235588497413e-05 6.409753004585330906e-07 3.063777555988252716e-07 -3.472722357672005775e-06 7.564384315637117252e-05 8.651848440911215457e-06
1.140419961934741001e-03 1.645455235588497413e-05 1.730669688591570727e-05 5.488671431399651832e-07 1.621374294927188130e-07 -2.435331437486022219e-06 9.329859267245474352e-06 7.540245073730578363e-07
8.572102593561914581e-05 6.409753004585330906e-07 5.488671431399651832e-07 9.264513353050660757e-08 5.696297592254592514e-09 -4.729531906852550154e-08 2.308402984275135858e-07 -3.721179520623760871e-09
-8.672336527184844619e-06 3.063777555988252716e-07 1.621374294927188130e-07 5.696297592254592514e-09 1.717899896470182183e-08 -7.884179101270474815e-08 2.248253163369287801e-07 1.787176938819714018e-09
6.661509619886404497e-05 -3.472722357672005775e-06 -2.435331437486022219e-06 -4.729531906852550154e-08 -7.884179101270474815e-08 1.133543394008825978e-06 -2.918832590797386828e-06 -2.246349194220149986e-07
1.690682826066510476e-05 7.564384315637117252e-05 9.329859267245474352e-06 2.308402984275135858e-07 2.248253163369287801e-07 -2.918832590797386828e-06 4.186274859637653786e-05 -3.473934535338239545e-07
-3.340160101122771808e-05 8.651848440911215457e-06 7.540245073730578363e-07 -3.721179520623760871e-09 1.787176938819714018e-09 -2.246349194220149986e-07 -3.473934535338239015e-07 5.188470926331954914e-06
