# log_sigma_dmeff logA n_s theta_s_1e2 omega_b omega_dmeff tau_reio A_planck
5.650835418195235826e-01 -7.417059286818064243e-04 -6.941567803377438842e-04 6.776539417566621406e-06 -7.203370170075732722e-06 -1.031998864607898326e-06 -3.869363451103251337e-04 1.779499724240988178e-04
-7.417059286818064243e-04 1.606381937921801952e-04 1.473813918071358524e-05 4.545554844242841949e-07 5.431562486665866031e-07 -5.958421752590849225e-06 8.224418944110370769e-05 3.876043388795165817e-06
-6.941567803377438842e-04 1.473813918071358524e-05 1.319049475799740978e-05 2.334826857251866713e-07 1.805829723094061016e-07 -2.837329958511603628e-06 1.081857891411993353e-05 2.587746708726202576e-07
6.776539417566621406e-06 4.545554844242841949e-07 2.334826857251866713e-07 6.169007943628128716e-08 7.040133707233505143e-09 -7.454565981788129436e-08 2.700493942809244970e-07 3.834657294512944927e-08
-7.203370170075732722e-06 5.431562486665866031e-07 1.805829723094061016e-07 7.040133707233505143e-09 1.545324724821989710e-08 -8.086732707697192254e-08 3.175318565212154982e-07 1.793880998820859828e-08
-1.031998864607898326e-06 -5.958421752590849225e-06 -2.837329958511603628e-06 -7.454565981788129436e-08 -8.086732707697192254e-08 1.167289005249856782e-06 -3.955417640392227818e-06 -3.632181975288411729e-07
-3.869363451103251337e-04 8.224418944110370769e-05 1.081857891411993353e-05 2.700493942809244970e-07 3.175318565212154982e-07 -3.955417640392227818e-06 4.721465327022231960e-05 -1.687826967578888630e-06
1.779499724240988178e-04 3.876043388795165817e-06 2.587746708726202576e-07 3.834657294512944927e-08 1.793880998820859828e-08 -3.632181975288411729e-07 -1.687826967578888630e-06 4.435824283181370133e-06
