# log_sigmaH_dmeff logA n_s theta_s_1e2 omega_b omega_dmeff tau_reio A_planck
2.620066941085580914e-01 9.046123611994296917e-04 7.240787533768371130e-04 5.457728156332080461e-05 -5.325596929314390327e-06 6.091888730323647533e-05 2.809712855787462423e-05 1.552274795209574430e-05
9.046123611994296917e-04 1.883116729856613189e-04 2.321275069391789709e-05 7.585265820018287366e-07 5.786802820980815530e-07 -4.201173247538754192e-06 8.753125267610463466e-05 9.280741394398909268e-06
7.240787533768371130e-04 2.321275069391789709e-05 1.994033985562935200e-05 5.056464723614230213e-07 2.729975774452994822e-07 -3.164507097252261827e-06 1.232006893430031232e-05 2.189974592658899250e-06
5.457728156332080461e-05 7.585265820018287366e-07 5.056464723614230213e-07 9.062529609545397678e-08 5.221812351770194747e-09 -6.863201711162263461e-08 2.701909136791354422e-07 5.919868137305905229e-08
-5.325596929314390327e-06 5.786802820980815530e-07 2.729975774452994822e-07 5.221812351770194747e-09 1.834096133009588910e-08 -1.019210884801731226e-07 3.360558492143428353e-07 5.722099946720037445e-08
6.091888730323647533e-05 -4.201173247538754192e-06 -3.164507097252261827e-06 -6.863201711162263461e-08 -1.019210884801731226e-07 1.308291676375102098e-06 -3.136161051482309024e-06 -5.650143758246324628e-07
2.809712855787462423e-05 8.753125267610463466e-05 1.232006893430031232e-05 2.701909136791354422e-07 3.360558492143427824e-07 -3.136161051482309024e-06 4.682467674230892442e-05 6.124808894938587331e-07
1.552274795209574430e-05 9.280741394398909268e-06 2.189974592658899250e-06 5.919868137305905229e-08 5.722099946720037445e-08 -5.650143758246324628e-07 6.124808894938587331e-07 4.874616891430698739e-06
