# log_sigmaH_dmeff logA n_s theta_s_1e2 omega_b omega_dmeff tau_reio A_planck
4.497414802299855990e-02 7.013674501528524346e-04 4.763376227008893501e-04 5.901148110089037598e-05 4.936490381222866042e-06 4.368740074608853220e-05 1.666312461888701094e-04 1.687145627566695973e-05
7.013674501528524346e-04 2.083301909326246159e-04 2.090100334346705591e-05 1.317966261821993414e-06 6.506194223023531814e-07 -4.172782245024704521e-06 9.733497816854042928e-05 8.314026891019708518e-06
4.763376227008893501e-04 2.090100334346705591e-05 1.776372065633239546e-05 9.025252296748553692e-07 2.008993562730453840e-07 -2.037750015026767771e-06 1.142968217661324821e-05 6.231568069670262126e-07
5.901148110089037598e-05 1.317966261821993414e-06 9.025252296748553692e-07 1.543914222954171049e-07 1.132112762636770079e-08 -1.195959367024968867e-08 5.410857856840679305e-07 -6.449098196333949336e-08
4.936490381222866042e-06 6.506194223023531814e-07 2.008993562730453840e-07 1.132112762636770079e-08 1.836597837637040480e-08 -7.317477224042271706e-08 3.414158309586885757e-07 1.390643739024065782e-08
4.368740074608853220e-05 -4.172782245024704521e-06 -2.037750015026767771e-06 -1.195959367024968867e-08 -7.317477224042271706e-08 1.237998245040084280e-06 -3.352707278440952259e-06 -2.248978039531859286e-07
1.666312461888701094e-04 9.733497816854044284e-05 1.142968217661324821e-05 5.410857856840680364e-07 3.414158309586885757e-07 -3.352707278440952259e-06 5.250892089246634719e-05 -5.922435344944756757e-07
1.687145627566695973e-05 8.314026891019708518e-06 6.231568069670262126e-07 -6.449098196333949336e-08 1.390643739024065782e-08 -2.248978039531859286e-07 -5.922435344944756757e-07 5.120385904322265369e-06
