# log_sigma_dmeff logA n_s theta_s_1e2 omega_b omega_dmeff tau_reio A_planck
8.089231004403144576e-01 9.719829333636400984e-04 2.785032591298476656e-04 8.081492297377880149e-05 7.217288939025804990e-06 1.079399994263894778e-04 2.006813615331913764e-04 1.198995297795430007e-04
9.719829333636400984e-04 1.641871266602046146e-04 1.381117444490054515e-05 6.048959540422822544e-07 4.343535204769643903e-07 -3.471005313967163390e-06 7.870651777041282277e-05 7.057628666885273520e-06
2.785032591298476656e-04 1.381117444490054515e-05 1.351218795784583125e-05 2.955159416664785920e-07 2.185449413992495623e-07 -2.612445444100488032e-06 1.008554314652026528e-05 3.792870612358110441e-07
8.081492297377880149e-05 6.048959540422822544e-07 2.955159416664785920e-07 9.230344456010446580e-08 1.031469882746716585e-08 -3.584535699601382888e-08 3.177665870188361333e-07 -5.927585504253387952e-09
7.217288939025804990e-06 4.343535204769643903e-07 2.185449413992495623e-07 1.031469882746716585e-08 1.765114746143659109e-08 -7.712226715854328245e-08 2.511749030570586702e-07 2.211807973196701733e-08
1.079399994263894778e-04 -3.471005313967163390e-06 -2.612445444100488032e-06 -3.584535699601382888e-08 -7.712226715854328245e-08 1.172455184222789628e-06 -2.855620467762085333e-06 -2.342323973587152372e-07
2.006813615331914306e-04 7.870651777041282277e-05 1.008554314652026528e-05 3.177665870188361333e-07 2.511749030570586702e-07 -2.855620467762085333e-06 4.393086940586168291e-05 -8.335559170765028707e-07
1.198995297795430007e-04 7.057628666885273520e-06 3.792870612358110441e-07 -5.927585504253387952e-09 2.211807973196701733e-08 -2.342323973587152372e-07 -8.335559170765030825e-07 4.747919240330052545e-06
