# log_sigmaH_dmeff logA n_s theta_s_1e2 omega_b omega_dmeff tau_reio A_planck
4.441150685050788693e-01 1.213504758521534010e-03 6.297235886244393396e-04 6.563355073273517291e-05 -9.121739480170868052e-06 5.233584600922840406e-05 1.574693851328460854e-04 1.867229125014421091e-05
1.213504758521534010e-03 1.399475807596331403e-04 1.115024757666332779e-05 8.870691491401355115e-07 4.021756177195911241e-07 -2.473950157621373505e-06 6.347026411810940949e-05 6.313056624952985706e-06
6.297235886244393396e-04 1.115024757666332779e-05 1.212713572820113169e-05 3.516850106005073419e-07 1.001908820076159866e-07 -2.139711083180472756e-06 8.551176425632031316e-06 -2.878570057899169594e-07
6.563355073273517291e-05 8.870691491401355115e-07 3.516850106005073419e-07 7.522534170077446440e-08 4.125781266058323356e-09 -4.106206891223107418e-08 4.501962100626462499e-07 -3.385898099930097568e-08
-9.121739480170868052e-06 4.021756177195911241e-07 1.001908820076159866e-07 4.125781266058323356e-09 1.556078134620304094e-08 -6.680784983521342958e-08 2.592891408187701493e-07 3.021685728247929243e-09
5.233584600922840406e-05 -2.473950157621373505e-06 -2.139711083180472756e-06 -4.106206891223107418e-08 -6.680784983521342958e-08 1.087045801771170504e-06 -2.451346886598537380e-06 -1.133512955391793570e-07
1.574693851328460854e-04 6.347026411810940949e-05 8.551176425632031316e-06 4.501962100626462499e-07 2.592891408187701493e-07 -2.451346886598537380e-06 3.602531214018646843e-05 -1.697122049139672200e-06
1.867229125014421091e-05 6.313056624952985706e-06 -2.878570057899169594e-07 -3.385898099930097568e-08 3.021685728247929243e-09 -1.133512955391793570e-07 -1.697122049139672200e-06 5.088515066022124377e-06
