# log_sigmaH_dmeff logA n_s theta_s_1e2 omega_b omega_dmeff tau_reio A_planck
3.781242944488386049e-01 1.061134550700767365e-05 -9.107140977718143485e-05 3.236048771221093737e-05 -1.068873313449272326e-06 9.031032185766489032e-05 -8.392147373632960917e-05 -6.856330168251586639e-06
1.061134550700767365e-05 1.735775114941764767e-04 1.290715798804134741e-05 4.454462483464465904e-07 4.457619231683735568e-07 -3.249908495961594586e-06 8.101388187881368615e-05 8.982963861016996028e-06
-9.107140977718143485e-05 1.290715798804134741e-05 1.322428980123141736e-05 1.491098857595031263e-07 1.586282473589928178e-07 -2.703299961685423492e-06 8.638698006762311597e-06 1.452833516434649149e-06
3.236048771221093737e-05 4.454462483464465904e-07 1.491098857595031263e-07 6.201141967049638825e-08 3.769419658243913894e-09 -4.178127882293557259e-08 2.345921685870638329e-07 1.541904199627761854e-08
-1.068873313449272326e-06 4.457619231683735568e-07 1.586282473589928178e-07 3.769419658243913894e-09 1.444984673909597643e-08 -6.833377421756034209e-08 2.356413520265768154e-07 3.311455845710507591e-08
9.031032185766489032e-05 -3.249908495961594586e-06 -2.703299961685423492e-06 -4.178127882293557259e-08 -6.833377421756034209e-08 1.112424009827683845e-06 -2.488234920675269271e-06 -3.876511073688101088e-07
-8.392147373632960917e-05 8.101388187881368615e-05 8.638698006762311597e-06 2.345921685870638329e-07 2.356413520265768154e-07 -2.488234920675269271e-06 4.336264247590031695e-05 2.777567357927549521e-07
-6.856330168251586639e-06 8.982963861016996028e-06 1.452833516434649149e-06 1.541904199627761854e-08 3.311455845710507591e-08 -3.876511073688101088e-07 2.777567357927549521e-07 4.783716334438611236e-06
