# log_sigmaH_dmeff logA n_s theta_s_1e2 omega_b omega_dmeff tau_reio A_planck
7.744379938107960326e-01 -1.528943787396135979e-03 -3.251712644242285739e-04 1.611164161578213658e-05 -8.034688956914818117e-06 9.551924547874700788e-05 -9.952387775489504249e-04 2.413375955425785192e-04
-1.528943787396135979e-03 1.564467577902676012e-04 9.398390557419371129e-06 -2.012289171389009607e-07 4.029405839921764674e-07 -3.413722884783337794e-06 7.528368187422040795e-05 6.421340935936711485e-06
-3.251712644242285739e-04 9.398390557419371129e-06 1.206761361443986498e-05 2.393328377979185697e-07 1.534136897366873546e-07 -2.408406823175676719e-06 6.313189258604729606e-06 1.546060813462659083e-06
1.611164161578213658e-05 -2.012289171389009607e-07 2.393328377979185697e-07 5.786264491197612706e-08 5.314877033579133539e-09 -6.552242081523486477e-08 -2.409050840337989233e-08 -4.358168821388397607e-09
-8.034688956914818117e-06 4.029405839921764674e-07 1.534136897366873546e-07 5.314877033579133539e-09 1.468621195732952550e-08 -5.992454630648135869e-08 2.119739792105364904e-07 2.578997966498837600e-08
9.551924547874700788e-05 -3.413722884783337794e-06 -2.408406823175676719e-06 -6.552242081523486477e-08 -5.992454630648135869e-08 1.007284036987230645e-06 -2.389468457201655234e-06 -4.603753453608178232e-07
-9.952387775489504249e-04 7.528368187422040795e-05 6.313189258604729606e-06 -2.409050840337989233e-08 2.119739792105364904e-07 -2.389468457201655234e-06 4.063876363112763719e-05 -2.008583604230085913e-07
2.413375955425785192e-04 6.421340935936711485e-06 1.546060813462659083e-06 -4.358168821388397607e-09 2.578997966498837600e-08 -4.603753453608178232e-07 -2.008583604230085913e-07 4.374449237382398726e-06
