# log_sigmaH_dmeff logA n_s theta_s_1e2 omega_b omega_dmeff tau_reio A_planck
3.221790369165468682e-01 5.753572552936404762e-04 -3.068027928175714211e-04 -1.008892376716027855e-05 -5.059858519749516818e-07 -2.605149481284180820e-05 3.494906529291109411e-04 4.438311749240059304e-05
5.753572552936404762e-04 1.385445014652523729e-04 1.146160333833715016e-05 -9.787876418750596636e-08 4.631366453246774258e-07 -4.706653042739354618e-06 6.953602156573633153e-05 5.016817399115564187e-06
-3.068027928175714211e-04 1.146160333833715016e-05 1.626522995459214269e-05 2.750360328370325707e-07 2.625436317260942810e-07 -3.222287887142925635e-06 9.521282961165338426e-06 3.741886090165525864e-07
-1.008892376716027855e-05 -9.787876418750596636e-08 2.750360328370325707e-07 7.149941805300070913e-08 1.031356634457274771e-08 -9.775723516960503201e-08 -5.060291075291657306e-08 6.426764523216741577e-08
-5.059858519749516818e-07 4.631366453246774258e-07 2.625436317260942810e-07 1.031356634457274771e-08 1.964212045030740775e-08 -1.044488622766793419e-07 2.680526985114241084e-07 4.552270831868317915e-08
-2.605149481284180820e-05 -4.706653042739354618e-06 -3.222287887142925635e-06 -9.775723516960503201e-08 -1.044488622766793419e-07 1.341521789250571764e-06 -3.307368635097467790e-06 -4.954122880606597900e-07
3.494906529291109411e-04 6.953602156573633153e-05 9.521282961165338426e-06 -5.060291075291657306e-08 2.680526985114241084e-07 -3.307368635097467790e-06 3.969164339287977529e-05 -5.480754890812307934e-07
4.438311749240059304e-05 5.016817399115564187e-06 3.741886090165525864e-07 6.426764523216741577e-08 4.552270831868317915e-08 -4.954122880606597900e-07 -5.480754890812307934e-07 3.717097562665022722e-06
