# log_sigma_dmeff logA n_s theta_s_1e2 omega_b omega_dmeff tau_reio A_planck
3.212775552555921510e-01 2.309802108871085013e-03 1.128954218923366570e-03 5.912987371092551058e-05 -1.511859685030075237e-06 -6.991599974358246037e-06 7.005555429786124340e-04 5.800495115975520848e-05
2.309802108871085013e-03 1.876775894415688500e-04 2.260676248211209653e-05 7.877829923236290858e-07 3.774952516936783373e-07 -2.508713779974306337e-06 8.161729101862980941e-05 1.046913540215364558e-05
1.128954218923366570e-03 2.260676248211209653e-05 1.500577319575483239e-05 4.044636373705272783e-07 1.482402744213255673e-07 -1.697535316231297641e-06 1.098746425552217027e-05 1.002731895765915697e-06
5.912987371092551058e-05 7.877829923236290858e-07 4.044636373705272783e-07 6.425223519263317654e-08 2.548263822836798235e-09 -1.999307699576779044e-08 2.462868542405985309e-07 5.816166263223384866e-08
-1.511859685030075237e-06 3.774952516936783373e-07 1.482402744213255673e-07 2.548263822836798235e-09 1.584079780825895614e-08 -6.038865751065935442e-08 1.985512043129670946e-07 3.464061250096646081e-08
-6.991599974358246037e-06 -2.508713779974306337e-06 -1.697535316231297641e-06 -1.999307699576779044e-08 -6.038865751065935442e-08 8.431622943806720095e-07 -1.957867374762291481e-06 -3.206122637934263632e-07
7.005555429786124340e-04 8.161729101862980941e-05 1.098746425552217027e-05 2.462868542405985309e-07 1.985512043129670946e-07 -1.957867374762291481e-06 4.127859960504059994e-05 9.049223456794184305e-07
5.800495115975520848e-05 1.046913540215364558e-05 1.002731895765915697e-06 5.816166263223384866e-08 3.464061250096646081e-08 -3.206122637934263632e-07 9.049223456794187481e-07 4.743495089679537963e-06
