# log_sigma_dmeff logA n_s theta_s_1e2 omega_b omega_dmeff tau_reio A_planck
4.825480142971108610e-01 -4.939865890294673151e-04 -1.602586446530023759e-04 4.141517166982954611e-07 1.064990373533902492e-05 -1.836881035652654541e-05 -1.174304416717993456e-04 7.630578007170484478e-05
-4.939865890294673151e-04 1.594470278413014010e-04 7.326024710888141882e-06 6.751570879805879009e-07 2.673516329286212908e-07 -4.169828875865144317e-06 7.785907145629163628e-05 6.554027658884703480e-06
-1.602586446530023759e-04 7.326024710888141882e-06 1.287223420386835855e-05 1.490004046674459819e-07 1.744644978160631423e-07 -2.715703306902103245e-06 7.341042866147066052e-06 -4.414975813801365971e-08
4.141517166982954611e-07 6.751570879805879009e-07 1.490004046674459819e-07 6.265064022144330487e-08 8.194522147815077490e-09 -5.581150793972680216e-08 4.346121413292427484e-07 -5.735801188078598931e-08
1.064990373533902492e-05 2.673516329286212908e-07 1.744644978160631423e-07 8.194522147815077490e-09 1.593819425450148717e-08 -8.466027715873841199e-08 1.933907767047275169e-07 6.906748284671643697e-09
-1.836881035652654541e-05 -4.169828875865144317e-06 -2.715703306902103245e-06 -5.581150793972680216e-08 -8.466027715873841199e-08 1.255014880196517818e-06 -3.216132848153567651e-06 -3.200529754822554582e-07
-1.174304416717993456e-04 7.785907145629163628e-05 7.341042866147066052e-06 4.346121413292427484e-07 1.933907767047275169e-07 -3.216132848153567651e-06 4.525669391265843496e-05 -1.865444865350303365e-06
7.630578007170484478e-05 6.554027658884703480e-06 -4.414975813801365971e-08 -5.735801188078598931e-08 6.906748284671643697e-09 -3.200529754822554582e-07 -1.865444865350303365e-06 5.607964001691162466e-06
