# log_sigmaH_dmeff logA n_s theta_s_1e2 omega_b omega_dmeff tau_reio A_planck
2.029740806485715032e-01 1.192191324414197543e-03 1.175744148504543783e-03 5.356705451341385398e-05 -8.513512050964781728e-06 -1.143548961557967292e-04 2.043132453333318225e-04 1.564806374063528436e-04
1.192191324414197543e-03 1.560258777736591622e-04 1.474941662152853482e-05 4.027173756211582737e-07 2.213051255159255039e-07 -2.612014830126551327e-06 6.979868262951222720e-05 9.823858062680981238e-06
1.175744148504543783e-03 1.474941662152853482e-05 1.940810426934342175e-05 5.505342515180585942e-07 8.432741019101505141e-08 -2.909068048569395825e-06 6.749903816775708356e-06 2.121141847039544345e-06
5.356705451341385398e-05 4.027173756211582737e-07 5.505342515180585942e-07 8.600814822899448956e-08 4.942482163174228862e-09 -8.455657123878932095e-08 1.723237612482176136e-07 -2.186197075405748693e-08
-8.513512050964781728e-06 2.213051255159255039e-07 8.432741019101505141e-08 4.942482163174228862e-09 1.313654544759293615e-08 -5.552362216642798488e-08 1.364750271439663269e-07 3.283319412591156264e-08
-1.143548961557967292e-04 -2.612014830126551327e-06 -2.909068048569395825e-06 -8.455657123878932095e-08 -5.552362216642798488e-08 1.099648304384641386e-06 -1.904224220391032227e-06 -4.186723903391069045e-07
2.043132453333318225e-04 6.979868262951222720e-05 6.749903816775708356e-06 1.723237612482175872e-07 1.364750271439663269e-07 -1.904224220391032227e-06 3.804138335779466365e-05 -2.405497433564635332e-07
1.564806374063528436e-04 9.823858062680981238e-06 2.121141847039544345e-06 -2.186197075405748693e-08 3.283319412591156264e-08 -4.186723903391069045e-07 -2.405497433564635332e-07 5.574258948325475682e-06
