# log_sigmaH_dmeff logA n_s theta_s_1e2 omega_b omega_dmeff tau_reio A_planck
1.404418344041491185e-01 7.197214201271179800e-04 7.540511700559753179e-04 5.859857309766695557e-05 -7.852507948204519729e-06 6.862644861684034827e-05 -7.964483906465053529e-05 3.279620028494219805e-05
7.197214201271179800e-04 1.500280908699157256e-04 1.450789424354625072e-05 5.699204052471802521e-07 2.713740422604735091e-07 -2.952072850730233938e-06 6.826415048772951888e-05 7.517427826387918377e-06
7.540511700559753179e-04 1.450789424354625072e-05 1.975709555532428083e-05 6.183327948672240183e-07 1.318934451879297456e-07 -2.328082115991791535e-06 9.163447766860121363e-06 -4.724937489417429384e-07
5.859857309766695557e-05 5.699204052471802521e-07 6.183327948672240183e-07 7.702033970643337560e-08 2.718991429359413856e-09 -1.528288176199682852e-08 8.563158759092896831e-08 3.439679176463906448e-08
-7.852507948204519729e-06 2.713740422604735091e-07 1.318934451879297456e-07 2.718991429359413856e-09 1.486608256143085314e-08 -7.041043775150269560e-08 2.031154307693180192e-07 1.062439725087786175e-08
6.862644861684034827e-05 -2.952072850730233938e-06 -2.328082115991791535e-06 -1.528288176199682852e-08 -7.041043775150269560e-08 1.221037382463454831e-06 -3.379228445630920891e-06 2.195367728871990205e-07
-7.964483906465053529e-05 6.826415048772951888e-05 9.163447766860121363e-06 8.563158759092894184e-08 2.031154307693180192e-07 -3.379228445630920891e-06 4.014235503872512728e-05 -1.384242004885344171e-06
3.279620028494219805e-05 7.517427826387918377e-06 -4.724937489417429384e-07 3.439679176463906448e-08 1.062439725087786175e-08 2.195367728871990205e-07 -1.384242004885344171e-06 4.805752729844790589e-06
