# log_sigma_dmeff logA n_s theta_s_1e2 omega_b omega_dmeff tau_reio A_planck
1.400052255944519652e+00 -7.750891988590287093e-04 -7.453490533654601310e-04 8.380149395868910283e-06 -1.166498438493673566e-05 6.756570650983842019e-05 -2.875514964267769495e-04 -7.479600020357473993e-05
-7.750891988590287093e-04 1.583878701403169909e-04 1.272120200716951208e-05 3.101429919493786085e-07 4.008179433154017321e-07 -3.701760384895269930e-06 7.432454322712383522e-05 8.455763508690288416e-06
-7.453490533654601310e-04 1.272120200716951208e-05 1.516616308823720024e-05 2.941626388443976909e-07 2.509885710014285250e-07 -2.997212974422076224e-06 9.337470749418203510e-06 8.496467486939146397e-07
8.380149395868910283e-06 3.101429919493786085e-07 2.941626388443976909e-07 6.786289309207691430e-08 9.557462432421652790e-09 -7.449656572165279340e-08 1.775522028656902960e-07 3.071474846425916849e-08
-1.166498438493673566e-05 4.008179433154017321e-07 2.509885710014285250e-07 9.557462432421652790e-09 1.722163990553935690e-08 -8.377733040052800176e-08 2.382395805642354928e-07 2.412589111558510560e-08
6.756570650983842019e-05 -3.701760384895269930e-06 -2.997212974422076224e-06 -7.449656572165279340e-08 -8.377733040052800176e-08 1.186828253406585671e-06 -2.870004788506469006e-06 -3.193269502892689399e-07
-2.875514964267769495e-04 7.432454322712383522e-05 9.337470749418203510e-06 1.775522028656902960e-07 2.382395805642354928e-07 -2.870004788506469006e-06 4.070158646746516954e-05 -2.070633896423140912e-08
-7.479600020357471282e-05 8.455763508690288416e-06 8.496467486939146397e-07 3.071474846425916849e-08 2.412589111558510560e-08 -3.193269502892689399e-07 -2.070633896423140912e-08 4.771499201740395666e-06
