# log_sigma_dmeff logA n_s theta_s_1e2 omega_b omega_dmeff tau_reio A_planck
6.352275887406076960e-01 9.584562745394730778e-04 -5.692114042355204051e-04 -1.291075308234418418e-05 -4.248905915562990248e-06 5.416056571804353986e-05 5.485963616405973957e-04 -3.535568388026506977e-05
9.584562745394730778e-04 1.458540871838513416e-04 4.619566154810904912e-06 3.623798053887252046e-07 3.385670923288162112e-07 -2.086669305377337300e-06 6.713714953046757527e-05 7.958302072088712723e-06
-5.692114042355204051e-04 4.619566154810904912e-06 1.294085882398821330e-05 2.665337356928334988e-07 1.651709477857034309e-07 -2.583399342423303505e-06 5.914142838538798096e-06 -1.360981446018801967e-07
-1.291075308234418418e-05 3.623798053887252046e-07 2.665337356928334988e-07 6.357644017412883217e-08 8.217226023310193817e-09 -7.578796110876344515e-08 2.296869879680379464e-07 1.506889205651978495e-08
-4.248905915562990248e-06 3.385670923288162112e-07 1.651709477857034309e-07 8.217226023310193817e-09 1.385233987420271630e-08 -5.786842060098123225e-08 1.759936490230721499e-07 2.786663895102579714e-08
5.416056571804353986e-05 -2.086669305377337300e-06 -2.583399342423303505e-06 -7.578796110876344515e-08 -5.786842060098123225e-08 1.084463528299321112e-06 -1.895393901481356433e-06 -4.355554110911207275e-07
5.485963616405973957e-04 6.713714953046757527e-05 5.914142838538798096e-06 2.296869879680379464e-07 1.759936490230721499e-07 -1.895393901481356433e-06 3.598693046147383065e-05 2.733761488242344002e-07
-3.535568388026506977e-05 7.958302072088712723e-06 -1.360981446018801967e-07 1.506889205651978495e-08 2.786663895102579714e-08 -4.355554110911207275e-07 2.733761488242344002e-07 4.359871035133414074e-06
