# log_sigmaH_dmeff logA n_s theta_s_1e2 omega_b omega_dmeff tau_reio A_planck
1.502910568395718627e-01 -1.247078289692807220e-04 -6.000280594258589366e-04 1.417110196289766928e-05 -2.307018165129859291e-06 9.661074610660577678e-05 2.663424742211732948e-05 -6.520090610024861007e-05
-1.247078289692807220e-04 1.959070694602007136e-04 1.564485275657246304e-05 6.083381383889852981e-07 6.626300753243785256e-07 -5.496149790001735753e-06 9.636134956230799488e-05 7.237834525717447240e-06
-6.000280594258589366e-04 1.564485275657246304e-05 1.420986025872533267e-05 2.079159643311392942e-07 2.336071740000089778e-07 -3.151819886249911961e-06 9.950796045519247747e-06 1.360973389290245264e-06
1.417110196289766928e-05 6.083381383889852981e-07 2.079159643311392942e-07 5.979895673965711255e-08 6.526381718398135552e-09 -7.804787085983787856e-08 3.920793519535392167e-07 9.065872774737114038e-09
-2.307018165129859291e-06 6.626300753243785256e-07 2.336071740000089778e-07 6.526381718398135552e-09 1.745082408907899947e-08 -8.034523758916751279e-08 3.720630695265601227e-07 2.803252793578049183e-08
9.661074610660577678e-05 -5.496149790001735753e-06 -3.151819886249911961e-06 -7.804787085983787856e-08 -8.034523758916751279e-08 1.202170765981172943e-06 -3.776126294499160779e-06 -2.939211324968930363e-07
2.663424742211732948e-05 9.636134956230799488e-05 9.950796045519247747e-06 3.920793519535392167e-07 3.720630695265601227e-07 -3.776126294499160779e-06 5.398790979519266388e-05 -1.166987546855391827e-06
-6.520090610024861007e-05 7.237834525717447240e-06 1.360973389290245264e-06 9.065872774737114038e-09 2.803252793578049183e-08 -2.939211324968930363e-07 -1.166987546855391827e-06 5.202580938581586432e-06
