# log_sigma_dmeff logA n_s theta_s_1e2 omega_b omega_dmeff tau_reio A_planck
8.520817453872454594e-01 1.203382480525632325e-03 1.186100200505510027e-03 7.206314449749132861e-05 -6.041138613144107251e-06 2.689712757957608800e-05 1.843874612991321614e-04 -7.744633559688631657e-05
1.203382480525632325e-03 1.539153270086037004e-04 1.482836978339646855e-05 6.354470489957048859e-07 3.420881416591741100e-07 -4.080636797552022296e-06 7.365093993449708476e-05 6.530203720103348724e-06
1.186100200505510027e-03 1.482836978339646855e-05 1.492144387407012893e-05 4.023229456185127302e-07 1.746257156416995512e-07 -2.605551334876561313e-06 9.228508441379366838e-06 5.971039533470232700e-07
7.206314449749132861e-05 6.354470489957048859e-07 4.023229456185127302e-07 7.171418970548721713e-08 5.684498602439614465e-09 -5.463017728818220832e-08 2.879171278093722286e-07 -4.529718291818550353e-09
-6.041138613144107251e-06 3.420881416591741100e-07 1.746257156416995512e-07 5.684498602439614465e-09 1.555603525206662402e-08 -7.291226489783027026e-08 2.184760064377837897e-07 1.325449576826457555e-08
2.689712757957608800e-05 -4.080636797552022296e-06 -2.605551334876561313e-06 -5.463017728818220832e-08 -7.291226489783027026e-08 1.156043516260497482e-06 -3.241949331858158458e-06 -1.947052030030107429e-07
1.843874612991321614e-04 7.365093993449708476e-05 9.228508441379366838e-06 2.879171278093722286e-07 2.184760064377837897e-07 -3.241949331858158458e-06 4.191408408954337852e-05 -9.783453504400727806e-07
-7.744633559688631657e-05 6.530203720103348724e-06 5.971039533470232700e-07 -4.529718291818550353e-09 1.325449576826457555e-08 -1.947052030030107429e-07 -9.783453504400727806e-07 4.669036679251942607e-06
