# log_sigma_dmeff logA n_s theta_s_1e2 omega_b omega_dmeff tau_reio A_planck
9.826645725696221412e-01 4.622212108921550490e-04 -6.839152088443419941e-04 2.711384504797171191e-05 -1.689295288455528733e-06 -2.391916017096603491e-05 -1.885004346569295634e-04 4.775045870423466057e-04
4.622212108921550490e-04 1.517291749020303285e-04 1.160048141736742931e-05 5.425302074033974142e-07 3.750291661044066933e-07 -3.043780273165023505e-06 6.687481491865887703e-05 1.232947625267019121e-05
-6.839152088443419941e-04 1.160048141736742931e-05 1.046898187188504190e-05 8.677763446413799700e-08 1.479664147036138407e-07 -2.010939770252709043e-06 8.517235788990840686e-06 8.154606904876593001e-08
2.711384504797171191e-05 5.425302074033974142e-07 8.677763446413799700e-08 7.173186807443241902e-08 5.384119307026379419e-09 -7.360674614272606777e-08 2.711287267293552992e-07 4.679498421844471953e-08
-1.689295288455528733e-06 3.750291661044066933e-07 1.479664147036138407e-07 5.384119307026379419e-09 1.612264192530347960e-08 -7.261654891888069972e-08 2.116061531228814468e-07 2.526376893884166978e-08
-2.391916017096603491e-05 -3.043780273165023505e-06 -2.010939770252709043e-06 -7.360674614272606777e-08 -7.261654891888069972e-08 1.041785429355790580e-06 -2.504961978746112870e-06 -1.665493730463534490e-07
-1.885004346569295634e-04 6.687481491865887703e-05 8.517235788990840686e-06 2.711287267293552992e-07 2.116061531228814468e-07 -2.504961978746112870e-06 3.663842423654161150e-05 3.792233915762716089e-07
4.775045870423466057e-04 1.232947625267019121e-05 8.154606904876593001e-08 4.679498421844471953e-08 2.526376893884166978e-08 -1.665493730463534490e-07 3.792233915762716089e-07 5.954827036637326609e-06
