# log_sigma_dmeff logA n_s theta_s_1e2 omega_b omega_dmeff tau_reio A_planck
2.651078266891366830e-01 8.883185289542146592e-04 5.012713237126341370e-04 4.177721205203268159e-05 -7.224816448971015917e-06 5.330533128190023982e-05 -5.784779240854772444e-05 1.150229948363385769e-04
8.883185289542146592e-04 1.784269964241068829e-04 1.431141211486772639e-05 2.150514689918175477e-07 2.818380046978637221e-07 -2.997804323812367305e-06 8.035623625184160448e-05 9.813792103817454350e-06
5.012713237126341370e-04 1.431141211486772639e-05 1.244620021866689625e-05 3.751752513413748515e-07 1.573377886912600688e-07 -2.303308942428631358e-06 9.227659094822561134e-06 2.090146785221179238e-08
4.177721205203268159e-05 2.150514689918175477e-07 3.751752513413748515e-07 7.056329583795135714e-08 4.071226246395572740e-09 -5.373503867885080013e-08 7.441544607269003641e-08 1.393937048169238102e-08
-7.224816448971015917e-06 2.818380046978637221e-07 1.573377886912600688e-07 4.071226246395572740e-09 1.517129953264774527e-08 -5.615978734586511487e-08 1.409614718791096899e-07 5.728946207016258390e-08
5.330533128190023982e-05 -2.997804323812367305e-06 -2.303308942428631358e-06 -5.373503867885080013e-08 -5.615978734586511487e-08 9.671756800977159525e-07 -2.603708235737076705e-06 -1.332428072915797485e-07
-5.784779240854772444e-05 8.035623625184160448e-05 9.227659094822561134e-06 7.441544607269003641e-08 1.409614718791096899e-07 -2.603708235737076705e-06 4.353511654946161933e-05 -6.122966857222680537e-08
1.150229948363385769e-04 9.813792103817454350e-06 2.090146785221179238e-08 1.393937048169238102e-08 5.728946207016258390e-08 -1.332428072915797485e-07 -6.122966857222680537e-08 4.919644142124200139e-06
