# log_sigma_dmeff logA n_s theta_s_1e2 omega_b omega_dmeff tau_reio A_planck
3.290684645216750415e-01 1.091465118335158743e-03 1.005433254908192232e-03 7.180508556685220921e-05 -1.733850857245141717e-05 5.732559133514716020e-05 2.254752897433068401e-04 -8.603104985419616005e-05
1.091465118335158743e-03 1.070066810429931846e-04 1.763503630106938894e-05 7.409778587476241222e-07 1.231274625200693586e-07 -2.678843139710982492e-06 4.762014715298671708e-05 7.067940549639937778e-06
1.005433254908192232e-03 1.763503630106938894e-05 1.467303056246893064e-05 4.295792138369715357e-07 1.018443716665408053e-07 -1.859511628455667709e-06 9.515485784554651456e-06 5.653334440233350098e-07
7.180508556685220921e-05 7.409778587476241222e-07 4.295792138369715357e-07 7.132683736006923748e-08 2.426861650030175488e-10 -9.347143734252065602e-09 2.206974218109243292e-07 4.588389376566196428e-08
-1.733850857245141717e-05 1.231274625200693586e-07 1.018443716665408053e-07 2.426861650030175488e-10 1.362517444759024398e-08 -7.213210356102301155e-08 1.399529640433949911e-07 2.562181562071650702e-08
5.732559133514716020e-05 -2.678843139710982492e-06 -1.859511628455667709e-06 -9.347143734252065602e-09 -7.213210356102301155e-08 8.868910022590413145e-07 -2.250788082751584911e-06 -2.564979899328397784e-07
2.254752897433068401e-04 4.762014715298671708e-05 9.515485784554651456e-06 2.206974218109243292e-07 1.399529640433949911e-07 -2.250788082751584911e-06 2.744089291013512806e-05 -6.841310662001704832e-07
-8.603104985419616005e-05 7.067940549639937778e-06 5.653334440233350098e-07 4.588389376566196428e-08 2.562181562071650702e-08 -2.564979899328397784e-07 -6.841310662001704832e-07 4.560335527099473860e-06
