# log_sigma_dmeff logA n_s theta_s_1e2 omega_b omega_dmeff tau_reio A_planck
3.584431558784597627e-01 1.106700931317738679e-04 7.169649554511102127e-04 5.831198630869101535e-05 -3.294749336880780658e-06 5.127326492639891530e-05 -3.423919986774137105e-04 1.867967216249429659e-04
1.106700931317738679e-04 1.367810493501371940e-04 7.172203876987522466e-06 3.293382914916608607e-07 3.953986100778857852e-07 -3.250714354088828598e-06 6.547945437527514492e-05 4.933998761611067947e-06
7.169649554511102127e-04 7.172203876987522466e-06 1.374919233417382550e-05 3.746722488628287960e-07 1.764769175295344154e-07 -2.078381281833567289e-06 5.333446424422821372e-06 7.592520735531716762e-07
5.831198630869101535e-05 3.293382914916608607e-07 3.746722488628287960e-07 8.357616204626280754e-08 1.388436181373296582e-09 -4.392468729171016051e-08 1.164672824955689844e-07 4.522978424667951859e-08
-3.294749336880780658e-06 3.953986100778857852e-07 1.764769175295344154e-07 1.388436181373296582e-09 1.669688284522632127e-08 -6.678620655333628290e-08 2.559997662992978355e-07 -9.775283289748771342e-09
5.127326492639891530e-05 -3.250714354088828598e-06 -2.078381281833567289e-06 -4.392468729171016051e-08 -6.678620655333628290e-08 1.114859397644943487e-06 -2.821557310582816853e-06 -1.370801684772875623e-07
-3.423919986774137105e-04 6.547945437527514492e-05 5.333446424422821372e-06 1.164672824955689844e-07 2.559997662992978884e-07 -2.821557310582816853e-06 3.782788621733593437e-05 -2.065164546630475076e-06
1.867967216249429659e-04 4.933998761611067947e-06 7.592520735531716762e-07 4.522978424667951859e-08 -9.775283289748771342e-09 -1.370801684772875623e-07 -2.065164546630475076e-06 4.903320635761554323e-06
