# log_sigma_dmeff logA n_s theta_s_1e2 omega_b omega_dmeff tau_reio A_planck
7.543555246910135237e-01 1.218737663978501206e-03 1.233635579423123484e-03 8.040970208869521437e-05 -4.133242511061907337e-06 3.188544150472540865e-05 1.275194559446217761e-04 -3.315170795526383118e-05
1.218737663978501206e-03 1.706072776515364479e-04 1.551456789188100253e-05 5.707146183288091667e-07 3.823825140211345052e-07 -3.608006137590420229e-06 7.917560307082080711e-05 8.496238635203523100e-06
1.233635579423123484e-03 1.551456789188100253e-05 1.758102433760402129e-05 4.784658652099245207e-07 1.911304667222062456e-07 -2.697215106094031393e-06 9.598029054631278397e-06 5.096252946019218552e-07
8.040970208869521437e-05 5.707146183288091667e-07 4.784658652099245207e-07 8.675597892848884905e-08 6.043812990198267252e-09 -5.653305938171145005e-08 2.398187888712968779e-07 -2.166080548976905588e-09
-4.133242511061907337e-06 3.823825140211345052e-07 1.911304667222062456e-07 6.043812990198267252e-09 1.685260236875186046e-08 -7.545434274200478433e-08 2.377575628459415485e-07 1.336373300979326657e-08
3.188544150472540865e-05 -3.608006137590420229e-06 -2.697215106094031393e-06 -5.653305938171145005e-08 -7.545434274200478433e-08 1.142006192703927840e-06 -2.892671378677488288e-06 -2.451347161609399987e-07
1.275194559446217761e-04 7.917560307082080711e-05 9.598029054631276703e-06 2.398187888712968779e-07 2.377575628459415485e-07 -2.892671378677488288e-06 4.325473099993361553e-05 -1.657650390401648845e-07
-3.315170795526383118e-05 8.496238635203523100e-06 5.096252946019218552e-07 -2.166080548976905588e-09 1.336373300979326657e-08 -2.451347161609399987e-07 -1.657650390401648845e-07 4.892964665237101075e-06
