# log_sigma_dmeff logA n_s theta_s_1e2 omega_b omega_dmeff tau_reio A_planck
4.416840248050981077e-01 -2.397123630586215487e-04 -2.708038843946432013e-04 3.102751632095810156e-05 1.184778217805965720e-05 8.257512438493334417e-05 -1.966620822734198293e-04 -8.816793045305219945e-06
-2.397123630586215487e-04 1.436098267421656398e-04 8.782486936757820286e-06 8.974248357271632676e-08 1.404176613790821790e-07 -3.278834776093516460e-06 6.876225398164839231e-05 7.001544193219232790e-06
-2.708038843946432013e-04 8.782486936757820286e-06 1.152670787906345589e-05 4.869451851204111000e-08 1.240832736678122348e-07 -2.369890611082101521e-06 7.008432938070847895e-06 6.552607396581669271e-07
3.102751632095810156e-05 8.974248357271632676e-08 4.869451851204111000e-08 6.249915521519044322e-08 2.701345117958810821e-09 5.213818743569284203e-09 -1.644632888015280485e-08 4.386260345504553099e-08
1.184778217805965720e-05 1.404176613790821790e-07 1.240832736678122348e-07 2.701345117958810821e-09 1.401840800324441533e-08 -5.031893908279338023e-08 8.434197912554381385e-08 8.926855003459717222e-09
8.257512438493334417e-05 -3.278834776093516460e-06 -2.369890611082101521e-06 5.213818743569284203e-09 -5.031893908279338023e-08 1.087648905385857627e-06 -2.478521200593362144e-06 -4.183296064736573975e-07
-1.966620822734198293e-04 6.876225398164839231e-05 7.008432938070847048e-06 -1.644632888015280485e-08 8.434197912554381385e-08 -2.478521200593362144e-06 3.894672357848580043e-05 -9.988770691899617667e-07
-8.816793045305219945e-06 7.001544193219232790e-06 6.552607396581669271e-07 4.386260345504553099e-08 8.926855003459717222e-09 -4.183296064736573975e-07 -9.988770691899617667e-07 5.083447941928161396e-06
