# log_sigmaH_dmeff logA n_s theta_s_1e2 omega_b omega_dmeff tau_reio A_planck
1.207791664605548654e-01 8.686455296625563566e-04 7.911047172340460740e-04 6.457566193261405176e-05 -5.137083512206999421e-06 -9.520704951556647210e-07 1.708458992153404890e-04 1.002202146158137775e-05
8.686455296625563566e-04 1.404832366594718621e-04 1.622056118077128318e-05 7.535298579615259233e-07 3.861183356448438149e-07 -2.663646375600228284e-06 6.405157746028080593e-05 6.794849141459531469e-06
7.911047172340460740e-04 1.622056118077128318e-05 1.684085150998710525e-05 5.790071363154473862e-07 1.591838799333360381e-07 -2.410446313760351838e-06 8.305237663893791337e-06 1.123036570886633830e-06
6.457566193261405176e-05 7.535298579615259233e-07 5.790071363154473862e-07 9.758885387995910052e-08 4.008536655108982683e-09 -1.955677297442800067e-08 2.041866181761601597e-07 1.542390196449178150e-08
-5.137083512206999421e-06 3.861183356448438149e-07 1.591838799333360381e-07 4.008536655108982683e-09 1.438746923421932281e-08 -6.832218793039788822e-08 2.304695322871252381e-07 2.817737876873193072e-08
-9.520704951556647210e-07 -2.663646375600228284e-06 -2.410446313760351838e-06 -1.955677297442800067e-08 -6.832218793039788822e-08 1.119936517800890695e-06 -2.208527162227483581e-06 -4.337719781318492289e-07
1.708458992153404890e-04 6.405157746028080593e-05 8.305237663893791337e-06 2.041866181761601597e-07 2.304695322871252381e-07 -2.208527162227483581e-06 3.458814232633069489e-05 -1.138713530929596270e-07
1.002202146158137775e-05 6.794849141459531469e-06 1.123036570886633830e-06 1.542390196449178150e-08 2.817737876873193072e-08 -4.337719781318492289e-07 -1.138713530929596270e-07 4.224414058183588161e-06
