# log_sigmaH_dmeff logA n_s theta_s_1e2 omega_b omega_dmeff tau_reio A_planck
4.060174760993974785e-01 2.016941472086999118e-04 -5.388937188057452100e-04 -2.221647928853907894e-05 7.760110550271323267e-06 3.129096579359559696e-05 2.440107445081140028e-04 -1.108553091797238372e-04
2.016941472086999118e-04 1.406161212493891200e-04 1.154679684399216168e-05 5.072277292048688849e-07 2.545549927308519655e-07 -2.678556673867907995e-06 6.728118335864599695e-05 6.525162839529402574e-06
-5.388937188057452100e-04 1.154679684399216168e-05 1.389901538542845938e-05 2.670920828013024591e-07 1.883392799098148534e-07 -2.693129801757378846e-06 8.028549967737680116e-06 1.347392796302876669e-06
-2.221647928853907894e-05 5.072277292048688849e-07 2.670920828013024591e-07 5.793678924098796094e-08 5.762688390914560813e-09 -4.201968099067845796e-08 2.719780649752318032e-07 2.005124553814536035e-08
7.760110550271323267e-06 2.545549927308519655e-07 1.883392799098148534e-07 5.762688390914560813e-09 1.594397610308246310e-08 -6.333348217073358917e-08 1.539652411740817779e-07 1.882956390340808552e-08
3.129096579359559696e-05 -2.678556673867907995e-06 -2.693129801757378846e-06 -4.201968099067845796e-08 -6.333348217073358917e-08 1.069820917203008252e-06 -2.194505608612944306e-06 -4.048406794583394197e-07
2.440107445081140028e-04 6.728118335864599695e-05 8.028549967737680116e-06 2.719780649752318032e-07 1.539652411740817779e-07 -2.194505608612944306e-06 3.791407859678544852e-05 -9.077975172558153936e-07
-1.108553091797238372e-04 6.525162839529402574e-06 1.347392796302876669e-06 2.005124553814536035e-08 1.882956390340808552e-08 -4.048406794583394197e-07 -9.077975172558153936e-07 4.801173986042378069e-06
