# log_sigmaH_dmeff logA n_s theta_s_1e2 omega_b omega_dmeff tau_reio A_planck
7.066090161577333051e-01 8.011303242040537353e-04 -3.512347228215132204e-04 2.607778783877364489e-05 -1.624115286326803112e-06 -4.194115345505234607e-05 3.144432291148056575e-04 2.451199258660787601e-04
8.011303242040537353e-04 1.792417916230671336e-04 1.569993723481071259e-05 1.042843691835375214e-06 4.882393407985478528e-07 -4.422570776305720970e-06 8.115923259824051365e-05 1.264101007128407068e-05
-3.512347228215132204e-04 1.569993723481071259e-05 1.496717134256419345e-05 3.374835679002276724e-07 2.552166915199339617e-07 -3.406626429021942146e-06 1.097397691725073139e-05 1.101016785841775128e-06
2.607778783877364489e-05 1.042843691835375214e-06 3.374835679002276724e-07 7.798020845202590949e-08 1.187470789398991576e-08 -1.068872397342512544e-07 5.547328740534210854e-07 5.880115863769442118e-08
-1.624115286326803112e-06 4.882393407985478528e-07 2.552166915199339617e-07 1.187470789398991576e-08 1.719675582415859063e-08 -8.316683877571728702e-08 2.595374717288238791e-07 4.920877367953388052e-08
-4.194115345505234607e-05 -4.422570776305720970e-06 -3.406626429021942146e-06 -1.068872397342512544e-07 -8.316683877571728702e-08 1.333641058681841507e-06 -3.201084051155539388e-06 -5.378348720095135932e-07
3.144432291148056575e-04 8.115923259824051365e-05 1.097397691725073139e-05 5.547328740534210854e-07 2.595374717288238791e-07 -3.201084051155539388e-06 4.212722195435178067e-05 2.260751508652433357e-06
2.451199258660787601e-04 1.264101007128407068e-05 1.101016785841775128e-06 5.880115863769442118e-08 4.920877367953388052e-08 -5.378348720095135932e-07 2.260751508652433357e-06 4.879698373388807579e-06
