# log_sigmaH_dmeff logA n_s theta_s_1e2 omega_b omega_dmeff tau_reio A_planck
2.303368486973296214e-01 3.729356598751422868e-04 5.088943739849191746e-04 1.494199062419927988e-05 -1.748494227309950987e-05 2.214369592865251597e-05 8.808676211870409276e-05 -1.334276104824430348e-04
3.729356598751422868e-04 1.686019754535965527e-04 1.172370756519271725e-05 5.972525306409503047e-07 3.496611959707663715e-07 -4.556452297700153604e-06 7.859529166593874465e-05 9.551107113356696363e-06
5.088943739849191746e-04 1.172370756519271725e-05 1.439187839198077466e-05 3.525156892316884076e-07 1.508389397740195628e-07 -2.772852613082440559e-06 8.568689876724985586e-06 3.364680401895791872e-07
1.494199062419927988e-05 5.972525306409503047e-07 3.525156892316884076e-07 5.993134060426751923e-08 6.933277670103460887e-09 -1.023500931845135609e-07 3.607100557849168908e-07 1.361378157613433241e-08
-1.748494227309950987e-05 3.496611959707663715e-07 1.508389397740195628e-07 6.933277670103460887e-09 1.806838126054646678e-08 -8.694767742348568765e-08 2.703508982818129013e-07 -8.376117320218594756e-09
2.214369592865251597e-05 -4.556452297700153604e-06 -2.772852613082440559e-06 -1.023500931845135609e-07 -8.694767742348568765e-08 1.217608012692090766e-06 -3.678483508755080653e-06 -2.956457624008075297e-08
8.808676211870409276e-05 7.859529166593874465e-05 8.568689876724985586e-06 3.607100557849168908e-07 2.703508982818129013e-07 -3.678483508755080653e-06 4.420572144147477835e-05 -5.974012572229310211e-07
-1.334276104824430348e-04 9.551107113356696363e-06 3.364680401895791872e-07 1.361378157613433241e-08 -8.376117320218594756e-09 -2.956457624008075297e-08 -5.974012572229310211e-07 5.606455847303440290e-06
