# log_sigma_dmeff logA n_s theta_s_1e2 omega_b omega_dmeff tau_reio A_planck
1.828316734877565519e+00 -7.479931846039988277e-05 -4.673632565217186795e-04 2.767859544047018627e-05 3.148583708048255042e-06 8.117629781168621744e-06 1.427723908903842371e-04 -2.942310831326543256e-07
-7.479931846039992343e-05 1.507557721560096259e-04 1.065646697534812261e-05 4.354043831478509893e-07 3.466205002822833946e-07 -3.457328975710759842e-06 7.269752296022190577e-05 6.155753966938385962e-06
-4.673632565217186795e-04 1.065646697534812261e-05 1.392916726055423971e-05 1.772985410731917539e-07 1.897568415861984440e-07 -2.779139523637159894e-06 8.197805044965150606e-06 8.769382931843263516e-07
2.767859544047018627e-05 4.354043831478509893e-07 1.772985410731917539e-07 6.602638776422965269e-08 7.822930622069659518e-09 -5.442572406479498155e-08 2.208720520879967151e-07 2.842132897451567624e-08
3.148583708048255042e-06 3.466205002822833946e-07 1.897568415861984440e-07 7.822930622069659518e-09 1.672057109418836325e-08 -7.436290680563112033e-08 2.148241853203175010e-07 1.224677588899915971e-08
8.117629781168621744e-06 -3.457328975710759842e-06 -2.779139523637159894e-06 -5.442572406479498155e-08 -7.436290680563112033e-08 1.152850729165014830e-06 -2.846610827828138163e-06 -2.134408023149779183e-07
1.427723908903842914e-04 7.269752296022190577e-05 8.197805044965150606e-06 2.208720520879967151e-07 2.148241853203175010e-07 -2.846610827828138163e-06 4.125345770857235725e-05 -1.272798153599099719e-06
-2.942310831326442141e-07 6.155753966938385962e-06 8.769382931843263516e-07 2.842132897451567624e-08 1.224677588899915971e-08 -2.134408023149779183e-07 -1.272798153599099719e-06 4.778616096844772452e-06
