# log_sigma_dmeff logA n_s theta_s_1e2 omega_b omega_dmeff tau_reio A_planck
3.296827359077028619e-01 1.180941925115401949e-04 5.610090857656348370e-04 7.708412937690755273e-05 4.794625854903549304e-06 6.131249622013134920e-05 -4.938802903217195267e-05 -9.124206269320325421e-06
1.180941925115401949e-04 1.525957664638821613e-04 6.875545258084683944e-06 1.698455709615995263e-07 1.393784465254360528e-07 -1.838162207556379788e-06 6.738399180545239734e-05 1.097476633271002430e-05
5.610090857656348370e-04 6.875545258084683944e-06 1.340225156129896233e-05 2.696431468414970060e-07 1.350469815030489652e-07 -2.391181676274679755e-06 6.883990037335534141e-06 -2.036363777255684050e-09
7.708412937690755273e-05 1.698455709615995263e-07 2.696431468414970060e-07 9.157017646322240886e-08 1.027899608578273331e-08 -3.334564575036371299e-08 6.380575915258280286e-08 -9.173343917482135600e-09
4.794625854903549304e-06 1.393784465254360528e-07 1.350469815030489652e-07 1.027899608578273331e-08 1.357550547825107561e-08 -5.457299656507982659e-08 9.537029899471907948e-08 5.264017565577346006e-09
6.131249622013134920e-05 -1.838162207556379788e-06 -2.391181676274679755e-06 -3.334564575036371299e-08 -5.457299656507982659e-08 1.116593955529155056e-06 -2.216046238279840052e-06 -6.631921112328196375e-08
-4.938802903217195267e-05 6.738399180545239734e-05 6.883990037335534141e-06 6.380575915258280286e-08 9.537029899471907948e-08 -2.216046238279840052e-06 3.647404766982404459e-05 3.751186712577390331e-07
-9.124206269320325421e-06 1.097476633271002430e-05 -2.036363777255684050e-09 -9.173343917482135600e-09 5.264017565577346006e-09 -6.631921112328196375e-08 3.751186712577390860e-07 5.388622284023432644e-06
