# log_sigma_dmeff logA n_s theta_s_1e2 omega_b omega_dmeff tau_reio A_planck
3.201897886730217246e-01 2.741528859454582447e-05 9.304853945402305569e-04 3.197017928111892918e-05 -4.820216472885963071e-06 1.704092951180526637e-05 -1.202770200414308635e-04 -2.347289067942959489e-04
2.741528859454582447e-05 1.728615305565637812e-04 1.175694477182534036e-05 8.227095933972262045e-07 3.300514585181432513e-07 -2.189171531612503821e-06 8.099184813146540602e-05 5.915305780063500510e-06
9.304853945402305569e-04 1.175694477182534036e-05 1.467383073055468238e-05 3.252293156025710972e-07 1.270091678984064943e-07 -2.186513683617219279e-06 8.158808664815019135e-06 -5.793942180256724072e-07
3.197017928111892918e-05 8.227095933972262045e-07 3.252293156025710972e-07 7.696261572864407077e-08 7.284258351171556293e-09 -5.606853289751154525e-08 4.346802919670576966e-07 -5.398340645485737239e-08
-4.820216472885963071e-06 3.300514585181432513e-07 1.270091678984064943e-07 7.284258351171556293e-09 1.289152280870699311e-08 -5.707759678064521823e-08 2.395157577868529280e-07 -2.757852921747260933e-08
1.704092951180526637e-05 -2.189171531612503821e-06 -2.186513683617219279e-06 -5.606853289751154525e-08 -5.707759678064521823e-08 9.405780306776514211e-07 -2.204430324969584120e-06 -1.058599012521978541e-08
-1.202770200414308635e-04 8.099184813146540602e-05 8.158808664815019135e-06 4.346802919670576966e-07 2.395157577868529280e-07 -2.204430324969584120e-06 4.413200064206787771e-05 -1.362425146466325333e-06
-2.347289067942959489e-04 5.915305780063500510e-06 -5.793942180256724072e-07 -5.398340645485737239e-08 -2.757852921747260933e-08 -1.058599012521978541e-08 -1.362425146466325333e-06 4.877356888948917016e-06
