# log_sigmaH_dmeff logA n_s theta_s_1e2 omega_b omega_dmeff tau_reio A_planck
2.461985714261582803e-01 1.812766053136253113e-05 5.410071801920150964e-04 4.016366484158497826e-05 -6.933290408105413785e-07 -2.726939087417324100e-05 -4.586354812452670819e-05 -1.705136671049359471e-04
1.812766053136253113e-05 1.199459885129591010e-04 1.071741888927396126e-05 2.198656132355637973e-07 3.548233439788490090e-07 -3.268934000661129373e-06 5.801195441623028983e-05 6.128993933406592767e-06
5.410071801920150964e-04 1.071741888927396126e-05 1.249227162632575956e-05 2.940642363803933789e-07 1.598401099951859239e-07 -1.974007215700987620e-06 7.241572447636922979e-06 2.755676055815308598e-07
4.016366484158497826e-05 2.198656132355637973e-07 2.940642363803933789e-07 6.945920114233772066e-08 1.102162701809441004e-08 -8.581057062593561813e-08 1.434400793587822070e-07 -1.575690346568172305e-08
-6.933290408105413785e-07 3.548233439788490090e-07 1.598401099951859239e-07 1.102162701809441004e-08 1.494987023470242685e-08 -5.745100400338691817e-08 1.855166954480971430e-07 2.533597060031147312e-08
-2.726939087417324100e-05 -3.268934000661129373e-06 -1.974007215700987620e-06 -8.581057062593561813e-08 -5.745100400338691817e-08 8.443481708980154824e-07 -2.424440567115637694e-06 -1.759406900209638412e-07
-4.586354812452668109e-05 5.801195441623028983e-05 7.241572447636922979e-06 1.434400793587822070e-07 1.855166954480971430e-07 -2.424440567115637694e-06 3.343876201350221862e-05 -7.834926654844394928e-07
-1.705136671049359471e-04 6.128993933406592767e-06 2.755676055815308598e-07 -1.575690346568172305e-08 2.533597060031147312e-08 -1.759406900209638412e-07 -7.834926654844394928e-07 4.481558733090989675e-06
