# log_sigmaH_dmeff logA n_s theta_s_1e2 omega_b omega_dmeff tau_reio A_planck
2.720907571625817978e-01 -1.007747449002488428e-03 -6.910430193802866725e-04 8.332280586811746321e-07 -4.904996197509132146e-06 7.983285524827972543e-05 -4.335680325235399661e-04 -2.716145193905108979e-05
-1.007747449002488428e-03 1.617467116526594020e-04 1.358927542757370089e-05 3.348407854012040787e-07 4.423421626136656129e-07 -4.150091503734049412e-06 7.831308314161133292e-05 6.667278474482848743e-06
-6.910430193802866725e-04 1.358927542757370089e-05 1.625729645327565832e-05 1.805813670825804204e-07 1.480327625276588003e-07 -2.953750128002206869e-06 1.038120062573123069e-05 1.981665549457700430e-07
8.332280586811746321e-07 3.348407854012040787e-07 1.805813670825804204e-07 6.443170912564579101e-08 3.793861210660689194e-09 -4.259430759466223947e-08 1.781288787334607056e-07 1.597914563954882570e-08
-4.904996197509132146e-06 4.423421626136656129e-07 1.480327625276588003e-07 3.793861210660689194e-09 1.462809238243688933e-08 -6.683983545288469937e-08 2.407520490286110291e-07 2.490806619426965174e-08
7.983285524827972543e-05 -4.150091503734049412e-06 -2.953750128002206869e-06 -4.259430759466223947e-08 -6.683983545288469937e-08 1.159920092943612851e-06 -3.261255672930900794e-06 -1.384257016977245162e-07
-4.335680325235399661e-04 7.831308314161133292e-05 1.038120062573123069e-05 1.781288787334606792e-07 2.407520490286110291e-07 -3.261255672930900794e-06 4.517207428925739055e-05 -1.850152310113714275e-06
-2.716145193905108979e-05 6.667278474482848743e-06 1.981665549457700430e-07 1.597914563954882570e-08 2.490806619426965174e-08 -1.384257016977245162e-07 -1.850152310113714275e-06 5.419624835313182964e-06
