# log_sigma_dmeff logA n_s theta_s_1e2 omega_b omega_dmeff tau_reio A_planck
6.293098641274896821e-01 1.409918751520882006e-03 6.171208815176486718e-04 7.444193202192929382e-05 7.193569373178329878e-06 6.784544932826219092e-05 3.840558662200283316e-04 6.592123537900489638e-05
1.409918751520882006e-03 1.587599648269495786e-04 1.212580388431729105e-05 6.275075076083539336e-07 3.020463399078505373e-07 -3.308330481650652676e-06 7.572564714683870514e-05 6.569868013154676149e-06
6.171208815176486718e-04 1.212580388431729105e-05 1.359800283604211680e-05 3.523242436570742219e-07 1.937648295310829380e-07 -2.475115809741387916e-06 8.989699903314124553e-06 1.987599599172634114e-07
7.444193202192929382e-05 6.275075076083539336e-07 3.523242436570742219e-07 7.724497383512469220e-08 8.222435454377366791e-09 -4.650696122200792934e-08 2.718857650666599822e-07 3.285734938431958369e-08
7.193569373178329878e-06 3.020463399078505373e-07 1.937648295310829380e-07 8.222435454377366791e-09 1.633915052378416396e-08 -7.207963458247163276e-08 1.891061852848792912e-07 9.300254209573653279e-09
6.784544932826219092e-05 -3.308330481650652676e-06 -2.475115809741387916e-06 -4.650696122200792934e-08 -7.207963458247163276e-08 1.128852767056954051e-06 -2.848985404248926202e-06 -1.394361438932494947e-07
3.840558662200283316e-04 7.572564714683870514e-05 8.989699903314124553e-06 2.718857650666599822e-07 1.891061852848792912e-07 -2.848985404248926202e-06 4.249325332573824278e-05 -1.056328778680200859e-06
6.592123537900489638e-05 6.569868013154676149e-06 1.987599599172634114e-07 3.285734938431958369e-08 9.300254209573653279e-09 -1.394361438932494947e-07 -1.056328778680200859e-06 4.618681230911205246e-06
