# log_sigma_dmeff logA n_s theta_s_1e2 omega_b omega_dmeff tau_reio A_planck
5.179615180474026470e-01 1.250214064305727986e-04 -4.270812287146800610e-04 3.170823974658073076e-05 4.007778899071045512e-06 2.845302016939226598e-05 3.923023094681905067e-05 1.294885741849580748e-04
1.250214064305727986e-04 1.024891453392802709e-04 8.751357400834294657e-06 5.199588471641375201e-07 3.775642111935587575e-07 -3.901294752332739789e-06 5.261679777944149944e-05 2.954498028875257236e-06
-4.270812287146800610e-04 8.751357400834294657e-06 1.306493906362046771e-05 2.310138275724665699e-07 2.154568838767710505e-07 -2.308515458007333151e-06 7.519542887557879613e-06 -5.818291881436051009e-08
3.170823974658073076e-05 5.199588471641375201e-07 2.310138275724665699e-07 5.793323611024884472e-08 7.551204917425989025e-09 -7.459324653807047068e-08 2.221843949696876320e-07 1.096073971729065635e-07
4.007778899071045512e-06 3.775642111935587575e-07 2.154568838767710505e-07 7.551204917425989025e-09 1.826001233363437636e-08 -7.775612798515568078e-08 2.696653397490844778e-07 -2.050214224342132380e-08
2.845302016939226598e-05 -3.901294752332739789e-06 -2.308515458007333151e-06 -7.459324653807047068e-08 -7.775612798515568078e-08 1.033631340395917297e-06 -3.007374380620518572e-06 -7.707400168108648357e-08
3.923023094681905067e-05 5.261679777944149944e-05 7.519542887557879613e-06 2.221843949696876320e-07 2.696653397490844778e-07 -3.007374380620518572e-06 3.327578667222018611e-05 -3.066400489031057690e-06
1.294885741849580748e-04 2.954498028875257236e-06 -5.818291881436051009e-08 1.096073971729065635e-07 -2.050214224342132380e-08 -7.707400168108648357e-08 -3.066400489031057690e-06 4.825819956441598505e-06
