# log_sigmaH_dmeff logA n_s theta_s_1e2 omega_b omega_dmeff tau_reio A_planck
3.628002445515536856e-01 1.820549331944338635e-03 1.379929148829893079e-03 6.126471440685477454e-05 -1.430651444445714160e-05 2.018606658854925606e-05 3.670048179926648532e-04 4.957014667157931586e-05
1.820549331944338635e-03 1.599877885467065810e-04 1.929936597950410718e-05 9.038368944550333336e-07 3.015426056278294087e-07 -3.748761535398642844e-06 7.469830651106762096e-05 5.117421106541539956e-06
1.379929148829893079e-03 1.929936597950410718e-05 1.890728343563937642e-05 5.442000686788764174e-07 1.128559379360509199e-07 -2.704833506242575116e-06 1.076782108714902401e-05 -2.018370412186237292e-07
6.126471440685477454e-05 9.038368944550333336e-07 5.442000686788764174e-07 8.289992203996584950e-08 3.753725316637042481e-09 -7.424871894170784614e-08 3.686742132725429769e-07 6.395934995801259955e-09
-1.430651444445714160e-05 3.015426056278294087e-07 1.128559379360509199e-07 3.753725316637042481e-09 1.664162364381882442e-08 -7.472039344115333370e-08 2.694309078858419380e-07 -3.255515397975084241e-08
2.018606658854925606e-05 -3.748761535398642844e-06 -2.704833506242575116e-06 -7.424871894170784614e-08 -7.472039344115333370e-08 1.196727135372422156e-06 -3.198546944853391190e-06 -6.383212841242097717e-08
3.670048179926648532e-04 7.469830651106762096e-05 1.076782108714902401e-05 3.686742132725429769e-07 2.694309078858419380e-07 -3.198546944853391190e-06 4.300461966199517472e-05 -2.693407787381553080e-06
4.957014667157931586e-05 5.117421106541539956e-06 -2.018370412186237292e-07 6.395934995801259955e-09 -3.255515397975084241e-08 -6.383212841242097717e-08 -2.693407787381553080e-06 5.493096549552318053e-06
