# log_sigma_dmeff logA n_s theta_s_1e2 omega_b omega_dmeff tau_reio A_planck
6.664462122698355806e-01 1.570836401456648457e-03 6.473381100472060633e-04 5.278158077435321228e-05 -1.307330894465605676e-05 1.176396922716880838e-05 4.607790269440498838e-04 -8.860395786396256404e-05
1.570836401456648457e-03 1.234578487916072518e-04 7.797914804066748988e-06 3.206106901163358710e-07 2.142547788338173776e-07 -1.754502239713550577e-06 5.480822433215652364e-05 6.872359298604253821e-06
6.473381100472060633e-04 7.797914804066748988e-06 1.307302278550772848e-05 2.503389456212816615e-07 1.204001209941088412e-07 -2.359693754926563453e-06 6.491653421111381815e-06 1.367026289692837869e-07
5.278158077435321228e-05 3.206106901163358710e-07 2.503389456212816615e-07 5.410628233247136262e-08 4.316166049472900225e-09 -5.374699925334340651e-08 1.970803507835365924e-07 -3.133480364830665222e-08
-1.307330894465605676e-05 2.142547788338173776e-07 1.204001209941088412e-07 4.316166049472900225e-09 1.604435559627475783e-08 -5.350023330933585078e-08 1.594432699558807343e-07 -1.009527880958773130e-08
1.176396922716880838e-05 -1.754502239713550577e-06 -2.359693754926563453e-06 -5.374699925334340651e-08 -5.350023330933585078e-08 1.022107947603342683e-06 -2.021612141402012576e-06 -8.577372691053847119e-08
4.607790269440498838e-04 5.480822433215652364e-05 6.491653421111381815e-06 1.970803507835365924e-07 1.594432699558807343e-07 -2.021612141402012576e-06 2.978781406308624272e-05 -2.455247228803823489e-07
-8.860395786396256404e-05 6.872359298604253821e-06 1.367026289692837869e-07 -3.133480364830665222e-08 -1.009527880958773130e-08 -8.577372691053847119e-08 -2.455247228803823489e-07 4.061985480479126814e-06
