# log_sigmaH_dmeff logA n_s theta_s_1e2 omega_b omega_dmeff tau_reio A_planck
2.373193191103018795e-01 1.679458517895491242e-03 9.602010824229392869e-04 4.599530375012730074e-05 -1.218489343221346914e-05 7.424998440944900312e-05 2.049206927245705867e-04 2.022346589749394238e-04
1.679458517895491242e-03 1.662888609450048540e-04 2.283738607440254835e-05 1.423216661209974775e-06 1.318285207453574826e-07 -2.485531160614724972e-06 7.509965689778986002e-05 6.209322787073849166e-06
9.602010824229392869e-04 2.283738607440254835e-05 1.717493881714307675e-05 6.305028350834972802e-07 1.214964797253309973e-07 -2.181981873646210990e-06 9.967634325335602896e-06 2.237913028339405710e-06
4.599530375012730074e-05 1.423216661209974775e-06 6.305028350834972802e-07 9.062832542721597969e-08 5.148149301097423451e-09 -7.758923755583125895e-08 4.589351349395462922e-07 1.928076542896574786e-07
-1.218489343221346914e-05 1.318285207453574826e-07 1.214964797253309973e-07 5.148149301097423451e-09 1.643180459351006176e-08 -8.371946087063999157e-08 1.540049680235282969e-07 -9.058163885004113273e-10
7.424998440944900312e-05 -2.485531160614724972e-06 -2.181981873646210990e-06 -7.758923755583125895e-08 -8.371946087063999157e-08 1.216139212954085666e-06 -2.404359326606303492e-06 -3.279137196790854453e-07
2.049206927245705867e-04 7.509965689778986002e-05 9.967634325335602896e-06 4.589351349395462922e-07 1.540049680235282969e-07 -2.404359326606303492e-06 4.066657490938587849e-05 -9.457656085625042909e-07
2.022346589749394238e-04 6.209322787073849166e-06 2.237913028339405710e-06 1.928076542896574786e-07 -9.058163885004113273e-10 -3.279137196790854453e-07 -9.457656085625042909e-07 4.222563611652132628e-06
