# log_sigma_dmeff logA n_s theta_s_1e2 omega_b omega_dmeff tau_reio A_planck
6.498686611134173452e-01 8.547461468405724485e-04 6.937588194728542060e-04 9.250977744441375586e-05 5.813989421778074514e-06 9.325089331669590123e-05 1.252849973985277574e-04 1.825512820966328109e-05
8.547461468405724485e-04 1.701420547269727620e-04 1.502209960762179215e-05 6.172508810494724593e-07 4.612755175945336984e-07 -4.655334411998754041e-06 8.265163428027564631e-05 6.998585362489821631e-06
6.937588194728542060e-04 1.502209960762179215e-05 1.443968530549545197e-05 3.954350304080547043e-07 2.128636154108375807e-07 -2.547372651045428449e-06 1.035488667052627839e-05 3.131112254172323090e-07
9.250977744441375586e-05 6.172508810494724593e-07 3.954350304080547043e-07 8.894182448363292986e-08 9.680047931631173251e-09 -4.680615232670605178e-08 2.478840569630834650e-07 4.322789088181288078e-08
5.813989421778074514e-06 4.612755175945336984e-07 2.128636154108375807e-07 9.680047931631173251e-09 1.762266751300389128e-08 -7.912189095101331893e-08 2.671145489078984533e-07 2.010566579461054858e-08
9.325089331669590123e-05 -4.655334411998754041e-06 -2.547372651045428449e-06 -4.680615232670605178e-08 -7.912189095101331893e-08 1.189767940817790178e-06 -3.559537491263489206e-06 -1.748312991773677049e-07
1.252849973985277303e-04 8.265163428027564631e-05 1.035488667052627839e-05 2.478840569630834650e-07 2.671145489078984533e-07 -3.559537491263489206e-06 4.700803429177680327e-05 -1.186465669144823015e-06
1.825512820966328109e-05 6.998585362489821631e-06 3.131112254172323090e-07 4.322789088181288078e-08 2.010566579461054858e-08 -1.748312991773677049e-07 -1.186465669144823015e-06 4.960900223264264831e-06
