# log_sigma_dmeff logA n_s theta_s_1e2 omega_b omega_dmeff tau_reio A_planck
5.259733978658959197e-01 1.417187113502954522e-03 1.053526432596496544e-03 8.284641980628829636e-05 -5.190679028819810014e-06 8.128421224741227567e-05 1.661051843484594539e-04 -1.719604854121994903e-05
1.417187113502954522e-03 1.722472671132202070e-04 1.535239910436453830e-05 6.283850401351845902e-07 3.931405080167120941e-07 -3.581833503571990167e-06 7.952323437727384578e-05 8.166137262482322907e-06
1.053526432596496544e-03 1.535239910436453830e-05 1.618573281923115151e-05 4.289425226063997458e-07 1.589898177280950896e-07 -2.355588833288581571e-06 9.106512666820778279e-06 3.841219949714828477e-07
8.284641980628829636e-05 6.283850401351845902e-07 4.289425226063997458e-07 8.939148212942385269e-08 4.078213753594656122e-09 -3.327359555615356530e-08 2.149885410266119450e-07 -6.815849154747717617e-09
-5.190679028819810014e-06 3.931405080167120941e-07 1.589898177280950896e-07 4.078213753594656122e-09 1.523072709050038642e-08 -7.340961181267114858e-08 2.365594688290651528e-07 2.340549469272057636e-08
8.128421224741227567e-05 -3.581833503571990167e-06 -2.355588833288581571e-06 -3.327359555615356530e-08 -7.340961181267114858e-08 1.165483918772641858e-06 -3.014950039340451834e-06 -2.302209937103853654e-07
1.661051843484594539e-04 7.952323437727384578e-05 9.106512666820778279e-06 2.149885410266119450e-07 2.365594688290651528e-07 -3.014950039340451834e-06 4.397123030576523180e-05 -6.280708287060385141e-07
-1.719604854121994903e-05 8.166137262482322907e-06 3.841219949714828477e-07 -6.815849154747717617e-09 2.340549469272057636e-08 -2.302209937103853654e-07 -6.280708287060385141e-07 5.114088872213121279e-06
