# log_sigma_dmeff logA n_s theta_s_1e2 omega_b omega_dmeff tau_reio A_planck
3.340774669822270670e-01 1.412421364838600162e-03 7.767704261528820577e-04 3.720299850358413721e-05 -1.025428370777521609e-05 -4.678854412439616806e-05 4.311827544818037537e-04 2.559903739375509816e-05
1.412421364838600162e-03 1.609512050071120056e-04 1.382404238794923661e-05 7.458314261904262283e-07 4.097667339703529539e-07 -5.400298659029503953e-06 8.068840230889275339e-05 4.117670822831059404e-06
7.767704261528820577e-04 1.382404238794923661e-05 1.372182820267008446e-05 3.027900983822191821e-07 1.570857832795228726e-07 -2.477635853999105578e-06 8.651295070294821445e-06 5.403127984412350106e-07
3.720299850358413721e-05 7.458314261904262283e-07 3.027900983822191821e-07 6.319928250023928818e-08 7.850669069510794979e-09 -8.017522352806041984e-08 3.118466120607268842e-07 6.535892394560491930e-08
-1.025428370777521609e-05 4.097667339703529539e-07 1.570857832795228726e-07 7.850669069510794979e-09 1.575641607402209928e-08 -7.756921944071575385e-08 2.823905106650249691e-07 -6.201829334887010759e-09
-4.678854412439616806e-05 -5.400298659029503953e-06 -2.477635853999105578e-06 -8.017522352806041984e-08 -7.756921944071575385e-08 1.096745218014364555e-06 -3.612479419843428950e-06 -2.721570684723786560e-07
4.311827544818037537e-04 8.068840230889275339e-05 8.651295070294821445e-06 3.118466120607268842e-07 2.823905106650249691e-07 -3.612479419843428950e-06 4.593676935244353710e-05 -1.717913790954163920e-06
2.559903739375509816e-05 4.117670822831059404e-06 5.403127984412350106e-07 6.535892394560491930e-08 -6.201829334887010759e-09 -2.721570684723786560e-07 -1.717913790954163920e-06 4.497155269052292593e-06
