# log_sigmaH_dmeff logA n_s theta_s_1e2 omega_b omega_dmeff tau_reio A_planck
5.623592563860079219e-01 3.898295701672896949e-04 9.348691128853038167e-04 3.413883580281664316e-05 -8.397002451602618970e-06 1.505949170717685022e-04 -4.235374071206934204e-04 -2.750741347484810933e-05
3.898295701672896949e-04 1.700942760115647066e-04 8.390653637430465784e-06 2.924814600954567863e-07 3.657893209322589309e-07 -1.553778036759050791e-06 7.168026316005358142e-05 1.068557297354644205e-05
9.348691128853038167e-04 8.390653637430465784e-06 1.501129633565534738e-05 3.324573883462021136e-07 1.449553235611264227e-07 -2.250448147248374134e-06 4.993276733244287157e-06 1.224444624519222901e-06
3.413883580281664316e-05 2.924814600954567863e-07 3.324573883462021136e-07 6.743580143067936993e-08 6.256149257692595566e-09 -6.441288304203629458e-08 8.618072845585301706e-08 5.056202173065105355e-08
-8.397002451602618970e-06 3.657893209322589309e-07 1.449553235611264227e-07 6.256149257692595566e-09 1.427386852190976490e-08 -6.671987999927092236e-08 2.069488955020508526e-07 3.326974537642463889e-08
1.505949170717685022e-04 -1.553778036759050791e-06 -2.250448147248374134e-06 -6.441288304203629458e-08 -6.671987999927092236e-08 1.121037258961517912e-06 -2.000342057486452002e-06 -2.208737854588431844e-07
-4.235374071206934204e-04 7.168026316005358142e-05 4.993276733244287157e-06 8.618072845585301706e-08 2.069488955020508526e-07 -2.000342057486452002e-06 3.763969449567410762e-05 4.919720430477278352e-08
-2.750741347484810933e-05 1.068557297354644205e-05 1.224444624519222901e-06 5.056202173065105355e-08 3.326974537642463889e-08 -2.208737854588431844e-07 4.919720430477287616e-08 5.413972454885134594e-06
