# log_sigmaH_dmeff logA n_s theta_s_1e2 omega_b omega_dmeff tau_reio A_planck
2.515910328492919068e-01 5.136262189974237025e-04 3.678199749135748603e-04 6.388947593951015830e-05 1.754198766439050894e-06 7.692835337242369528e-05 1.507645362161384489e-04 -6.984021669761582003e-05
5.136262189974237025e-04 1.972782403601299969e-04 1.667762262542216335e-05 9.255815172352008837e-07 4.002953544605185115e-07 -4.082939821190694900e-06 9.316129039591182362e-05 9.137511464573773605e-06
3.678199749135748603e-04 1.667762262542216335e-05 1.705492654574738631e-05 4.663868675364145304e-07 2.925075958472890964e-07 -3.598796313085727600e-06 1.204360611049450516e-05 7.527822563996944390e-07
6.388947593951015830e-05 9.255815172352008837e-07 4.663868675364145304e-07 1.288755818662783671e-07 1.016241167917082371e-08 -8.051267780824085724e-08 3.730809147191024210e-07 7.511230338719041202e-08
1.754198766439050894e-06 4.002953544605185115e-07 2.925075958472890964e-07 1.016241167917082371e-08 1.765290035203849710e-08 -9.671532509398680611e-08 2.362899737924353094e-07 3.629092806357067706e-08
7.692835337242369528e-05 -4.082939821190694900e-06 -3.598796313085727600e-06 -8.051267780824085724e-08 -9.671532509398680611e-08 1.467549674019932503e-06 -3.616516547226967993e-06 -1.333898884418283426e-07
1.507645362161383947e-04 9.316129039591182362e-05 1.204360611049450516e-05 3.730809147191024210e-07 2.362899737924353094e-07 -3.616516547226967993e-06 5.206664280149546879e-05 -9.825651568119782183e-07
-6.984021669761582003e-05 9.137511464573773605e-06 7.527822563996944390e-07 7.511230338719041202e-08 3.629092806357067706e-08 -1.333898884418283426e-07 -9.825651568119782183e-07 5.695176569452896806e-06
